1 2
1 3
1 4
1 5
1 6
1 7
1 8
1 9
1 10
1 13
1 17
1 18
1 19
1 22
1 24
1 29
1 30
1 31
1 32
1 33
1 34
1 39
1 40
1 44
1 49
1 50
1 54
1 61
1 63
1 66
1 67
1 68
1 71
1 73
1 82
1 88
1 96
1 100
1 103
1 105
1 112
1 113
1 114
1 115
1 116
1 117
1 119
1 124
1 127
1 130
1 131
1 140
1 142
1 146
1 147
1 151
1 153
1 154
1 160
1 161
1 162
1 164
1 166
1 169
1 172
1 174
1 179
1 182
1 184
1 187
1 189
1 190
1 191
1 204
1 211
1 215
1 225
1 230
1 231
1 232
1 233
1 234
1 237
1 241
1 246
1 247
1 249
1 266
1 271
1 272
1 273
1 280
1 282
1 302
1 305
1 319
1 320
1 327
1 328
1 329
1 340
1 341
1 342
1 351
1 359
1 373
1 382
1 384
1 385
1 400
1 408
1 413
1 416
1 418
1 457
1 467
1 468
1 469
1 470
1 471
1 481
1 488
1 491
1 495
1 499
2 3
2 4
2 5
2 11
2 12
2 15
2 19
2 26
2 28
2 35
2 36
2 37
2 38
2 42
2 44
2 52
2 55
2 56
2 62
2 72
2 75
2 78
2 80
2 83
2 95
2 135
2 143
2 159
2 173
2 181
2 186
2 198
2 205
2 227
2 235
2 244
2 257
2 258
2 260
2 267
2 276
2 285
2 290
2 337
2 345
2 355
2 356
2 358
2 369
2 370
2 374
2 379
2 398
2 404
2 406
2 409
2 414
2 415
2 419
2 436
2 461
2 463
2 489
3 8
3 12
3 14
3 15
3 21
3 26
3 38
3 45
3 46
3 52
3 55
3 69
3 91
3 109
3 120
3 129
3 132
3 149
3 170
3 173
3 176
3 186
3 203
3 206
3 210
3 223
3 236
3 284
3 323
3 326
3 333
3 337
3 338
3 349
3 355
3 411
3 421
3 422
3 424
3 444
3 447
3 448
3 484
3 486
3 500
4 6
4 11
4 16
4 20
4 25
4 47
4 51
4 53
4 59
4 67
4 77
4 110
4 121
4 126
4 194
4 218
4 226
4 229
4 264
4 265
4 278
4 308
4 309
4 311
4 314
4 332
4 334
4 378
4 396
4 473
4 477
5 9
5 17
5 29
5 30
5 34
5 40
5 61
5 85
5 118
5 127
5 142
5 162
5 177
5 183
5 187
5 230
5 239
5 249
5 272
5 302
5 327
5 329
5 336
5 377
5 418
5 481
5 495
6 7
6 25
6 31
6 49
6 51
6 59
6 99
6 107
6 155
6 157
6 158
6 175
6 194
6 224
6 242
6 250
6 270
6 278
6 286
6 308
6 311
6 352
6 410
6 450
7 18
7 33
7 60
7 90
7 92
7 98
7 103
7 105
7 116
7 145
7 154
7 174
7 254
7 280
7 282
7 299
7 316
7 335
7 340
7 348
7 354
7 426
7 433
7 474
7 485
8 10
8 14
8 27
8 43
8 58
8 76
8 86
8 87
8 93
8 101
8 141
8 144
8 168
8 178
8 199
8 213
8 243
8 248
8 259
8 274
8 294
8 317
8 318
8 344
8 350
8 364
8 389
8 395
8 429
8 455
9 13
9 22
9 32
9 48
9 97
9 112
9 119
9 122
9 125
9 131
9 136
9 146
9 150
9 163
9 221
9 251
9 268
9 297
9 300
9 304
9 385
9 388
9 434
9 467
10 58
10 68
10 76
10 86
10 87
10 148
10 195
10 213
10 247
10 248
10 259
10 274
10 294
10 317
10 373
10 392
10 394
10 397
10 437
10 439
10 442
10 469
11 16
11 23
11 42
11 72
11 133
11 196
11 361
11 393
11 420
11 497
12 45
12 70
12 89
12 120
12 128
12 137
12 139
12 170
12 176
12 202
12 206
12 209
12 214
12 223
12 228
12 362
12 405
13 24
13 41
13 54
13 79
13 94
13 124
13 172
13 222
13 240
13 252
13 263
13 298
13 367
13 383
13 425
13 449
13 470
13 483
14 21
14 27
14 43
14 57
14 74
14 185
14 193
14 197
14 295
14 306
14 380
14 381
14 412
14 427
14 443
15 28
15 35
15 36
15 159
15 205
15 414
15 419
16 20
16 23
16 53
16 81
16 111
16 171
16 207
16 283
16 313
16 315
16 363
17 85
17 118
17 183
17 201
17 336
17 377
18 60
18 145
18 254
18 316
18 339
18 354
18 460
18 474
19 78
19 83
19 143
19 285
19 290
19 368
19 370
19 398
19 406
19 436
19 461
19 463
20 47
20 207
20 218
20 229
20 334
20 391
20 441
21 57
21 70
21 123
21 253
21 375
21 405
21 412
21 428
21 443
21 462
21 476
22 48
22 97
22 136
22 163
22 268
22 304
23 81
23 133
23 196
24 41
24 252
24 263
24 298
24 367
24 425
24 449
25 110
25 126
25 180
25 264
25 265
25 270
25 353
26 46
26 284
26 447
26 500
27 74
27 185
27 193
27 197
27 238
27 295
27 306
28 37
28 64
28 65
28 80
28 198
28 345
29 71
29 96
29 114
29 319
30 73
30 182
30 211
30 231
30 301
30 445
31 99
31 155
31 157
31 158
31 167
31 175
31 255
31 432
31 438
32 39
32 104
32 150
32 261
32 292
32 321
32 371
32 466
32 478
33 90
33 208
33 296
33 433
33 452
33 490
34 50
34 164
34 169
34 256
34 262
34 288
34 343
34 493
35 56
35 62
35 75
36 106
37 64
37 65
38 91
38 129
38 132
38 236
38 326
38 459
39 104
39 113
39 261
39 325
39 466
39 498
40 66
40 84
40 130
40 225
40 234
40 293
40 499
41 79
41 94
41 240
42 181
42 289
42 379
42 393
42 420
42 465
43 144
43 168
43 192
43 243
43 318
43 331
44 63
44 102
44 138
44 204
44 215
44 233
44 320
44 347
44 435
44 480
45 89
45 202
45 228
46 69
46 323
47 391
48 122
49 107
49 134
50 256
50 262
51 242
51 250
51 479
52 210
52 349
52 456
53 111
54 232
55 149
55 312
56 106
57 123
57 253
57 375
58 148
58 195
58 307
58 397
59 224
59 286
59 410
60 92
60 98
60 335
61 239
62 95
62 269
62 430
62 475
63 102
63 108
63 138
63 347
63 464
63 480
66 84
66 293
66 376
67 77
67 121
67 309
67 473
68 82
68 88
68 279
68 291
68 330
68 360
68 402
68 446
69 109
69 333
69 411
70 128
70 214
70 217
70 451
71 191
71 491
72 361
72 497
75 135
75 258
75 386
75 454
75 482
76 93
76 344
76 350
77 314
78 227
78 235
78 260
78 387
81 171
81 313
82 100
82 140
82 277
82 407
82 453
82 494
83 368
86 178
86 365
87 199
87 395
88 279
88 291
88 330
88 360
88 402
88 446
89 137
89 139
90 208
90 490
91 448
92 485
93 101
95 269
97 125
97 399
97 472
99 450
100 117
100 152
100 407
100 453
101 141
101 455
102 108
102 245
102 417
103 184
103 216
103 220
103 237
103 366
104 371
104 498
105 299
105 348
107 134
108 245
108 417
108 464
109 422
110 180
110 353
111 283
112 160
112 212
112 341
113 325
113 468
114 115
114 188
115 188
115 241
116 147
116 271
117 152
117 156
117 165
117 281
117 458
118 201
119 161
119 189
119 200
120 421
120 486
121 226
121 324
124 151
125 399
127 177
128 362
130 153
130 246
130 400
132 203
135 386
135 454
136 251
136 388
138 435
140 277
140 310
140 494
142 328
142 357
143 244
144 192
144 219
146 166
146 273
146 346
149 312
150 292
150 321
152 156
152 390
153 342
155 432
155 438
156 165
156 390
157 167
158 255
160 212
160 287
160 401
161 200
161 372
163 221
163 300
165 281
166 179
166 322
166 423
168 331
169 288
170 209
171 315
172 222
173 257
174 190
174 303
178 365
178 403
179 322
179 423
181 289
182 301
184 216
184 220
185 381
185 427
186 276
186 404
187 416
190 303
192 219
192 275
194 352
195 307
197 238
198 358
200 372
204 305
204 487
208 296
208 440
208 452
210 456
211 445
211 457
212 287
212 401
214 217
214 451
215 351
215 382
218 441
219 275
220 366
221 297
222 383
222 483
223 444
226 324
227 356
227 489
229 378
229 396
230 471
233 487
235 387
236 459
243 364
243 389
245 266
247 437
248 442
250 479
251 434
253 462
253 476
254 460
257 374
260 267
261 478
262 343
269 430
271 413
272 359
273 346
276 415
277 310
281 458
282 426
293 376
294 392
296 440
306 380
308 332
311 477
315 363
315 431
316 339
317 394
319 408
326 338
328 357
334 496
341 488
342 384
343 493
358 369
363 431
365 403
374 409
389 429
393 465
396 496
397 439
399 472
405 428
405 492
421 424
424 484
428 492
430 475
454 482
