-0.526183226336422 -0.0566894568477179
0.591045707720204 -0.0451544101896425
-0.569990973260582 -0.260905152728247
0.580035063259737 -0.354879904311083
0.546350380116802 0.351577505233826
-0.678521272746623 -0.130367188307109
-0.631089733030052 -0.214778466196943
-0.63753499674574 -0.289447431281437
0.0603805475072748 0.70554017556649
0.145539838255206 0.73012389269421
0.608559715991722 -0.435072489262601
0.566766509350281 -0.470184268734225
-0.693493432482399 -0.323851374178842
-0.741868931881459 -0.119543265197527
0.740219912988742 0.0240303692620633
-0.719668710631353 -0.245187912702706
-0.0242282961957459 0.72640883993462
-0.728323359114503 -0.197301366455073
-0.687630356903225 -0.217695780492076
-0.680421094466525 -0.219942247813388
0.203903222357967 0.702851975095205
-0.695878268142142 -0.324300306613507
0.68131424168158 -0.386069198249727
0.0597599737075059 0.775643807396823
0.743988441039869 -0.198334132302962
-0.733655243543515 -0.313768723026159
-0.734746148388023 -0.23725216211445
-0.677960296947692 -0.337939875317987
-0.0171504213964219 0.787507966461023
0.574589440838662 -0.501869913662942
0.694489539234 0.342007949184713
-0.734112916337504 -0.289469898520039
-0.773461168737202 -0.241988639071435
0.650868573476115 -0.422693844319092
-0.738262748828476 -0.282601709405294
-0.0339110751310111 0.824974873948456
0.206640091384671 0.771869823521826
0.387192196073082 0.690718593962816
-0.693091604197503 -0.399804178494645
0.707689720576322 0.37561528883204
0.601040452219596 -0.517505284939642
0.697425848234895 -0.396432903716301
0.718132739235417 0.339615192198812
-0.788862688937172 -0.245588663857266
-0.76517055602932 -0.217950472989209
-0.811974235935399 -0.155524150048929
-0.689480300551437 -0.364135161465229
-0.796441010216651 -0.275331297704343
0.726013928991217 0.361968909223381
-0.736601791386668 -0.270458271897305
0.717946355251831 0.410977170489664
0.719824436941142 0.438772245093504
0.663361940998735 0.452905059001201
-0.848257601648829 -0.161934990484344
-0.793476776044921 -0.172634884851285
-0.851956212026713 -0.142161505417441
0.758095527348981 -0.293196632396287
-0.731801271249833 -0.355499961677257
-0.740047988124775 -0.370844013467265
0.717178685500615 0.481630423840299
0.729164494425277 0.392874896686592
-0.0247627712573901 0.863696864824801
0.810515877395402 -0.0787005056038522
-0.76109136326349 -0.291655890679513
-0.747417825373231 -0.390605079323741
-0.747786544615481 -0.295904066957079
-0.769257374738911 -0.207637087757409
-0.765783160252067 -0.28119504696137
-0.779336209284256 -0.281940224417718
-0.42717363092425 -0.654354021827601
0.0793199012613509 0.801241218281001
-0.0365569823380832 0.863434939191567
-0.776849401640206 -0.251295353332268
-0.738500337311089 -0.37720666482572
0.655864648952904 -0.530640700587212
-0.783779684194618 -0.23122039828646
-0.757506766107287 -0.275613340203339
-0.734713012699834 -0.279880451392837
-0.737396193219473 -0.353736327700833
0.698047337389576 -0.427436679935863
0.748730549510518 0.389445412517746
-0.78303038415795 -0.274467554967071
-0.783015030872132 -0.275947755561339
0.72081682056894 -0.439557113176998
0.742245837245445 0.402958722817954
0.630993915819466 -0.522388509806637
-0.794999404495885 -0.240864831083657
0.695427259663887 -0.409422208428139
-0.768184950709321 -0.286334826929063
-0.763618182165474 -0.32817251150183
-0.798879570145178 -0.274969986110666
-0.751495345497777 -0.356124566655677
-0.774579240307695 -0.27047695964757
0.685167188674947 0.452431914480103
-0.74975575460105 -0.300908664776662
-0.79838590732817 -0.331218363246101
0.714624637300654 -0.48652355921908
0.774673059583862 0.384111476931436
-0.772010203582814 -0.281336622222047
-0.809116307983766 -0.305378070277068
-0.788477594307676 -0.233320308001254
0.614263677128071 -0.547526271843402
0.725534799347796 -0.433502039455397
-0.804721020025799 -0.17459490480373
0.698950868761264 0.475705250415916
0.727537258346125 0.431295482478671
-0.761275352968448 -0.369161260150895
0.707467935852339 -0.464541523129854
-0.781950023102621 -0.324575126942664
0.0951195828148648 -0.818505486437226
0.0752882289306073 0.84356824640198
0.122506497371199 0.838298568739661
-0.836773901491637 -0.219084383121854
-0.742803374024725 -0.3749178701368
-0.0223199609392541 0.832203624550314
-0.804343751012048 -0.266938072875975
-0.819833506427402 -0.215792048541347
-0.835989158224129 -0.142406705279584
-0.017336156072288 0.848125811900094
0.648364608788464 -0.509458170510174
0.724545932163428 -0.441709880277592
0.454828106076357 0.697799361303413
-0.811039526639661 -0.191650367994759
0.693260010976655 0.463269989239816
0.719832391112898 -0.479887496280388
0.803288644349478 -0.0938623919962346
0.729548551709444 -0.465263735751286
-0.784871894648206 -0.198575368293943
0.817887809559235 0.282896327031349
-0.846464300723377 -0.180906010529652
-0.814737152413597 -0.29272650592997
-0.833429079336891 -0.234812045769017
-0.817271544375815 -0.229334468178974
-0.814652541187505 -0.239410064879524
-0.825395388071481 -0.200358519654641
-0.788467261471167 -0.316515295619828
-0.78642734277977 -0.27832612599117
0.636545795521914 -0.56312508588939
0.819711933065767 -0.0943823376210388
0.231589311957229 0.801870423341484
-0.789474842277207 -0.355983370743422
-0.808429482458827 -0.310948707120956
0.631171626679035 -0.546754287530519
-0.836000823010689 -0.154393435343942
-0.783370152704412 -0.369905207641358
0.665761295058383 -0.554536377334599
0.209317493009603 0.824227932606325
-0.780529333080844 -0.297945971109569
0.802680003401368 -0.281598370419394
0.793009424044807 -0.264208094712794
-0.766916584107183 -0.333426246974258
0.842272960701895 0.120801556090395
-0.831479751194495 -0.244210714420751
0.804395359996604 -0.278182369155429
-0.789169405151233 -0.319478069007105
-0.80716738511322 -0.220162560337729
-0.825688963598429 -0.208581690692804
0.704212117007714 -0.479337736208014
-0.796396544268698 -0.342048939076305
0.217952245520509 -0.823761983228385
-0.801562764068693 -0.241116262212967
0.63221229210632 -0.571663444852754
-0.809661863792354 -0.267096520641899
-0.780173611763259 -0.304320434083724
-0.82329536253485 -0.27143305233315
0.583271883085504 -0.622161687214666
0.724047668619872 0.476960276294338
0.656529010976786 -0.520467261968507
-0.788746031605137 -0.283591122620265
-0.824791261628063 -0.217729193872636
-0.841158106808154 -0.143290204819067
-0.768788479739381 -0.401178444747629
-0.234374158009515 -0.820693181293808
-0.811640422494657 -0.305715898040955
0.853697378040081 -0.00748025229447758
0.827470242311245 0.260301142455646
-0.79412049176127 -0.314024836050875
-0.784212750223472 -0.296943490381767
-0.741170381688642 -0.392995744822932
-0.830896789024058 -0.198066818371077
0.86634945784173 -0.0462860868618795
-0.845241745628701 -0.196237312641731
-0.779255691318903 -0.382022230278263
0.654515807480014 -0.570110541617695
-0.831966456915087 -0.247960040202199
-0.851994362956279 -0.167308750202252
0.758696401721755 0.392909570964829
-0.771355544064049 -0.398911447627911
0.70930136605599 0.501241725275943
0.760710781137399 0.419406318171281
0.725842206944032 -0.477457213245198
0.851593213247813 -0.0718516236671603
-0.769588841158884 -0.334842833920968
-0.778136028135729 -0.315423648018449
0.439192980863712 0.716025128934367
-0.810109517786004 -0.314266633176462
-0.755610593813832 -0.399748786084862
-0.801420179905074 -0.336146099321747
-0.819865851381272 -0.242768606036921
-0.812472912759387 -0.267155205296806
-0.797613915022539 -0.345408488324031
0.74241295523129 0.452264734367867
-0.75139517967316 -0.437435723774624
0.0763491179648223 0.852068007508195
-0.766448532769154 -0.38048404526794
0.846151462410304 -0.128837212796928
-0.82735907999597 -0.220012840157405
0.771609683016765 -0.400981938096868
0.869509837527069 -0.0185176909540495
-0.836399256974325 -0.183629772551528
-0.799849737696269 -0.341836026388242
-0.781110726250365 -0.351428696699208
-0.80114862016046 -0.339105504183028
-0.77946942671864 -0.355546896146148
-0.797254875400154 -0.314195106248377
0.869876657929918 0.0191159421793125
-0.763445632908147 -0.389653751433931
-0.777413691244728 -0.361455808678008
-0.817406563046874 -0.259248231549973
0.870169781646516 -0.00857470706436282
-0.816847350020589 -0.300410611442398
-0.841820138933437 -0.221452351348874
-0.812382010895316 -0.214956760638059
-0.845145453533236 -0.146392718791199
0.746225244636216 -0.448403112821971
0.856222409412157 -0.158160847661108
-0.813505946411296 -0.310729747216707
0.231618753662611 0.808149781795701
0.861025112337397 -0.131121809065846
0.66350970028245 -0.56437874721453
-0.825239227628188 -0.279211541597336
0.730292986662964 -0.450233408701468
0.717606351191111 -0.470545635464344
-0.780623148616688 -0.356835391599427
-0.832888673875713 -0.208159148073361
-0.803538924581873 -0.302797991608539
0.85208102510204 -0.182061068114183
-0.849136914221644 -0.195865554437546
0.870503257941205 -0.0427607194012739
0.740095587508397 -0.460510146162787
-0.796853426226483 -0.268987584678052
-0.800184508918068 -0.346008077924255
0.0535300273026032 0.870262167061503
0.86424766363942 -0.116196605940488
-0.823098923067252 -0.288334743837237
-0.777425200499196 -0.365098669498285
-0.774059500638392 -0.402073200622037
-0.861920928483714 -0.134627700985375
-0.788819748401176 -0.292683476112308
0.734700102274912 -0.470583186200126
0.865461035152251 -0.111398313850478
-0.866486259519474 -0.104080307474378
0.751729642764473 0.443544369976836
-0.790163704339522 -0.371035660538496
-0.855773844441933 -0.172839559285742
0.730883242754776 0.477731609696754
-0.808789442671048 -0.233076361567465
-0.787433314184893 -0.343451940663191
0.183650882122564 0.853747479601338
-0.829216523165525 -0.274237397146572
0.0843920783464856 0.855108101444076
-0.789004975568876 -0.374793704194827
0.0419726968179644 0.858422729086314
-0.861953322475173 -0.142224544585438
-0.835244433446283 -0.256416598161822
0.0810105463844934 0.870063573621275
-0.861739852443133 -0.145490789678151
0.1842002825453 0.854413503154025
-0.837920560300096 -0.249057377018681
-0.670865280960263 -0.508884864260171
0.856979437400039 -0.172957175730573
-0.815603022757626 -0.31512916147291
-0.853057272525867 -0.192338121394695
-0.826624059617556 -0.285619611345417
0.867714134679996 -0.110193332883326
-0.834365647334684 -0.26284617279067
0.748964563156031 -0.452204874390632
-0.759712980925279 -0.434114784247326
-0.820137999359366 -0.305245300151409
-0.8605784453645 -0.159331810260287
-0.822624637826412 -0.249514311099925
0.76570170352172 -0.424102500627547
0.852595304172928 -0.198551539729287
0.251543876717466 0.838597567335834
-0.809521900488534 -0.289755750335041
0.746682035641036 0.457344703843366
-0.839078788833944 -0.188532081473534
-0.791744614090272 -0.336228414232535
0.752289251523009 0.448259377459297
-0.826104702316404 -0.290866409902199
0.733094598942237 0.450323212312843
0.688835593527637 -0.541048750932492
-0.761077623845657 -0.433779180334107
-0.816013865280096 -0.318903632845365
0.712960996603726 0.509351286918992
-0.853190628474167 -0.199977912052262
0.00227397588210424 0.876409083691485
-0.80922194437133 -0.336793531426681
-0.425920130718598 -0.766181059496419
0.756205727393397 0.443581967749477
-0.786144921919556 -0.388276030589539
0.732915862463069 -0.481441446495451
-0.802452961130796 -0.353821359926224
-0.796968103001516 -0.366238046099052
0.71045005749342 0.51450627793369
-0.0210703924211198 0.877028473977486
0.653416458063569 -0.559976188362793
-0.837597889086256 -0.261187630069967
-0.801675815682153 -0.313286013145275
-0.846676065762263 -0.230422496523051
0.438307918994522 0.760267146358342
-0.81332182470166 -0.329836399966684
-0.811110759337709 -0.335481227647408
-0.828884983903775 -0.289069685918862
0.727022469679669 0.492151012702614
-0.0798301087719981 -0.874393245758913
0.73441035664659 0.481393127361665
0.215479184539522 0.851368062085807
-0.786556490165701 -0.349950161971951
0.869841584809697 -0.121634036647393
0.875637146929334 -0.0695600600483767
-0.797027182280205 -0.325862020013276
0.762574048596749 0.436141101849648
0.742427443584511 -0.436509132117262
0.876724816039685 -0.057013138678749
-0.846376830964813 -0.236011145614557
-0.861850017803528 -0.171543260280183
-0.784226157728173 -0.356407939631002
-0.837273310581195 -0.203242396284143
-0.833558421947586 -0.27847780750029
-0.800409220836469 -0.363140537237451
0.728934941295757 0.459655250119818
0.654424853280928 -0.586864527629936
0.757657440723102 -0.445861428524848
-0.856921768824774 -0.196664948015097
0.875723427081714 -0.0790871117840572
0.728522067423252 -0.492499369096387
0.731128797635983 0.488777988613433
0.724541394003068 0.498643853353361
0.868784348430786 -0.13773830318304
0.339299497857652 0.792337203152299
0.861862255611106 -0.176360927886582
0.749887627689312 -0.460140624204792
-0.798218715600114 -0.370213911842554
-0.816403794677204 -0.328399760182736
-0.789959354424958 -0.387911548791406
0.865977331051341 -0.157300674839228
-0.826141469826013 -0.303807669387961
-0.83859537095324 -0.267796045596045
-0.833118559107899 -0.284636575171582
-0.851382892053519 -0.224496743781218
0.677096446840064 -0.533623813072612
-0.850327556146261 -0.22878216415972
0.204365369551645 0.856609103220943
-0.781109652239989 -0.406887843012873
-0.870300924208968 -0.135688881127483
-0.783077000208287 -0.403447978294327
0.662293137521132 -0.580940507597297
0.0640484205234699 0.878729546323646
0.851532208041822 -0.226503836716577
-0.0169433526599533 0.881060054609738
-0.854805997040375 -0.11318375161316
-0.819807362785991 -0.323437983810767
0.672953649511261 -0.569184953227873
-0.819614689926958 -0.324362931843093
0.0754310922864018 0.878311261926192
0.854706567805705 -0.216189093193073
-0.802536924964148 -0.365151467025272
-0.831453517275869 -0.2936422652487
0.876301792086553 -0.0988689912505163
0.474934246756052 0.743139357302732
-0.821273807334498 -0.32166173517002
-0.796744049560953 -0.378541564927758
0.0601575099317916 0.88012118189838
-0.86795163184097 -0.158206123686828
0.472052433422727 -0.745434286394884
-0.846651765378453 -0.248641707665874
-0.0349871296130761 0.881789953504319
-0.833957860164087 -0.288837665997343
0.0876089068712609 0.878278121039286
0.639394686073943 -0.578762898024816
0.209238059245074 0.857555633274955
-0.856645195286838 -0.213249325865639
-0.813343233715207 -0.343398708400919
-0.808627026675218 -0.354549620153391
0.82621009046784 0.31159716344116
-0.792688332758207 -0.284996061416995
-0.841377714051753 -0.268201130933491
-0.845656949256717 -0.254646074564247
0.116095799460084 0.8547516380445
-0.815486246742329 -0.339255175058814
-0.408063775010087 -0.783407328288642
-0.0350320128722606 0.882692835348131
0.671215695211535 -0.574433439259545
-0.806211734361614 -0.361464983703967
-0.849421249765594 -0.243407999826704
-0.874473146141857 -0.127239384796797
-0.81451989709187 -0.342898418954657
-0.828315058286914 -0.308293062822262
-0.847450554156522 -0.251209244202893
-0.812617707314425 -0.347934886917488
-0.853578087174604 -0.230082577562121
-0.850910196514823 -0.24002567465254
0.241986841732193 0.828133963854422
-0.857143015991202 -0.217009001649599
0.120107505985186 0.876063605744618
-0.839587123189381 -0.277727464465243
-0.866618978224564 -0.176454209719021
-0.800986492346826 -0.375113681627593
0.703248658885032 -0.536521843187949
0.758253107610957 0.455621505631412
-0.869354804284436 -0.163966346257701
-0.84781236606281 -0.252983356790055
-0.794412104592389 -0.389639688462631
-0.864176283428393 -0.190346965098396
-0.871455174749251 -0.154016488592445
-0.875707196743468 -0.128118458222339
-0.839777589497281 -0.279594202718769
0.675365371290371 -0.572190938566831
0.882003464747914 -0.0755773407551332
0.0354214217137985 0.884594945001784
0.860832886914084 -0.207002754138219
-0.81730374422892 -0.340614377871444
-0.809103439356646 -0.359826369229053
-0.857344144860868 -0.221819518754732
-0.871822899512617 -0.155842447733855
0.874284624020649 -0.141800051073994
-0.83855676789967 -0.285345221248602
0.652630040456065 -0.598992102279377
0.761682306185257 -0.452410659083383
0.662789933387988 -0.587930565000774
-0.83947456718299 -0.283465123355094
0.22122423231621 0.858048204243117
-0.829821311658203 -0.31096624798937
0.202579887671152 0.862775185393313
0.702474079921769 0.540431026726356
-0.795673601450987 -0.390582419960871
0.886378464093876 -0.00997943069433695
-0.844377707549077 -0.270014087817754
-0.809193892434123 -0.362217065810975
-0.83847476983897 -0.288219266538136
-0.808875966650753 -0.363240930454922
0.745800435426699 -0.479707956490388
-0.807486185711416 -0.304323549114008
0.769556518262542 -0.440720072184475
-0.831823396390226 -0.307626970807549
0.857286430690717 -0.0999419683074307
0.760427462403408 -0.456538482805331
-0.86765286135756 -0.184304959799935
0.885554506009091 -0.0519154775565813
-0.829372934611498 -0.314887964727079
-0.821334089949988 -0.335463567885128
-0.0303031059049269 0.886746026897096
0.0776932100762937 0.883918303231251
0.689726036679048 -0.558333690667937
0.254565095071075 0.850156191888842
-0.791086609173816 -0.402319583344235
-0.870585387754748 -0.17282938460596
0.748322617632229 0.477401015025687
0.659430967207185 -0.594271434755798
-0.794218723725714 -0.396652672004322
-0.831226298993162 -0.311910667267178
0.358499354509427 0.812288160899408
-0.815537262740189 -0.283032611586074
-0.84105678843024 -0.284719968342486
-0.821927349846077 -0.336132819041828
-0.870008353549481 -0.178165332652213
-0.82876426679518 -0.319240528052869
-0.846379874898004 -0.269282119925686
0.862265477681059 -0.213252790172818
-0.844551498867119 -0.275350237014133
-0.785531245812473 -0.414887765666013
0.0335666059892691 0.887789624681138
-0.21917935416996 0.835133153658188
-0.838039357235009 -0.295114960114975
-0.827966187259719 -0.322459606666264
0.211733081700227 0.863007787757857
0.0916333024611048 0.883923948303385
-0.869051317271938 -0.185937142612896
-0.831685194334651 -0.313411697297905
-0.848677195313821 -0.264155734614276
-0.802904529450525 -0.381417578679751
0.0395848057261949 0.888071874967007
-0.855385845408926 -0.242192007026702
-0.82240100005982 -0.337789211688874
-0.848575011658353 -0.265458459311787
0.0365842287233614 0.888432254565046
-0.115040015723012 0.88177000997809
-0.86954341408861 -0.186410388926911
0.8805482174368 -0.12486470179645
-0.860394640307093 -0.225341839152737
0.708111602050689 -0.538272343624703
-0.809321670347985 -0.369132249993374
-0.807514000509891 -0.373205175814989
-0.810425228692841 -0.366977447873091
-0.849503560545779 -0.264396461044246
-0.865421296139731 -0.20665868932646
0.740878811669127 0.492808505531856
-0.848317192716124 -0.268736187846322
-0.799471943206143 -0.390902968787496
