1 2
1 3
1 4
1 5
1 6
1 7
1 9
1 11
1 13
1 14
1 15
1 16
1 17
1 18
1 20
1 21
1 22
1 26
1 29
1 36
1 37
1 38
1 39
1 42
1 43
1 44
1 45
1 46
1 49
1 53
1 54
1 55
1 56
1 60
1 61
1 62
1 63
1 67
1 71
1 72
1 73
1 79
1 83
1 89
1 90
1 96
1 97
1 98
1 99
1 104
1 107
1 110
1 124
1 131
1 132
1 144
1 148
1 150
1 151
1 152
1 158
1 167
1 168
1 170
1 171
1 174
1 175
1 179
1 183
1 188
1 189
1 195
1 198
1 207
1 213
1 223
1 232
1 240
1 241
1 244
1 265
1 266
1 277
1 282
1 283
1 285
1 288
1 297
1 302
1 303
1 312
1 313
1 317
1 320
1 324
1 328
1 329
1 331
1 333
1 358
1 363
1 376
1 391
1 396
1 407
1 414
1 425
1 429
1 442
1 467
1 480
1 483
1 488
1 497
2 3
2 5
2 7
2 14
2 15
2 16
2 19
2 21
2 22
2 24
2 35
2 44
2 45
2 54
2 55
2 61
2 64
2 73
2 75
2 83
2 84
2 85
2 93
2 97
2 98
2 113
2 114
2 126
2 130
2 143
2 165
2 168
2 177
2 178
2 182
2 192
2 210
2 212
2 219
2 229
2 235
2 247
2 258
2 267
2 280
2 281
2 309
2 313
2 321
2 322
2 329
2 331
2 334
2 364
2 365
2 384
2 385
2 386
2 417
2 434
2 435
2 459
2 466
2 467
2 492
2 493
2 495
3 4
3 10
3 13
3 30
3 38
3 40
3 56
3 59
3 87
3 89
3 100
3 104
3 116
3 124
3 128
3 132
3 133
3 138
3 155
3 172
3 186
3 253
3 255
3 302
3 311
3 312
3 319
3 335
3 366
3 403
3 413
3 420
3 429
3 431
3 453
3 465
3 477
4 6
4 8
4 10
4 12
4 17
4 25
4 28
4 31
4 58
4 66
4 68
4 76
4 136
4 156
4 176
4 206
4 251
4 262
4 284
4 336
4 345
4 350
4 400
4 421
4 474
4 479
4 489
5 9
5 11
5 23
5 36
5 152
5 174
5 188
5 244
5 285
5 297
5 324
5 363
5 414
6 8
6 12
6 25
6 33
6 121
6 140
6 176
6 204
6 239
6 246
6 251
6 284
6 295
6 299
6 343
6 421
7 20
7 43
7 48
7 62
7 64
7 70
7 74
7 77
7 86
7 91
7 95
7 131
7 134
7 135
7 141
7 145
7 153
7 166
7 181
7 193
7 203
7 215
7 241
7 248
7 254
7 264
7 353
7 367
7 398
7 404
7 428
7 438
7 441
7 452
7 471
8 33
8 92
8 121
8 140
8 184
8 204
8 239
8 246
8 295
8 299
8 344
8 362
9 23
9 39
9 213
9 266
9 377
9 423
10 30
10 40
10 87
10 112
10 138
10 155
10 197
10 238
10 286
10 301
10 399
10 402
10 430
10 443
10 477
11 46
11 53
11 60
11 63
11 147
11 148
11 171
11 381
11 396
12 31
12 68
12 76
12 111
12 154
12 156
12 206
12 300
12 446
12 470
12 479
12 486
13 59
13 116
13 128
13 253
13 335
13 431
13 453
14 24
14 85
14 88
14 180
14 259
14 267
14 321
14 327
14 384
14 422
14 499
15 19
15 219
15 227
15 229
15 258
15 445
16 18
16 27
16 37
16 41
16 102
16 115
16 129
16 157
16 159
16 187
16 211
16 221
16 228
16 268
16 275
16 310
16 330
16 397
16 437
17 29
17 32
17 58
17 122
17 150
17 191
17 214
17 252
17 290
17 340
17 360
17 405
17 432
17 475
17 491
18 27
18 34
18 41
18 94
18 115
18 157
18 187
18 242
18 310
19 75
19 165
19 227
19 386
19 445
19 495
20 72
20 74
20 82
20 105
20 106
20 107
20 117
20 161
20 167
20 198
20 240
20 272
20 337
20 338
20 401
20 406
20 476
20 482
21 35
21 123
21 130
21 143
21 196
21 224
21 231
21 256
21 273
21 322
21 417
22 26
22 42
22 78
22 80
22 109
22 139
22 234
22 263
22 325
22 341
22 394
22 409
22 418
22 454
22 485
22 487
22 490
23 265
24 93
24 114
24 137
24 499
25 28
25 47
25 66
25 69
25 261
25 349
25 355
25 357
26 78
26 277
26 325
26 372
26 375
26 391
26 409
26 418
26 425
26 433
26 463
26 472
26 481
26 485
27 34
27 50
27 52
27 142
27 146
27 271
27 307
27 484
28 47
28 355
28 362
29 32
29 51
29 57
29 65
29 101
29 233
29 252
29 304
29 315
29 351
29 360
29 383
29 387
29 388
30 112
30 197
30 238
30 430
31 136
31 154
32 51
32 57
32 233
32 260
32 278
32 304
32 351
32 387
32 388
32 395
33 92
33 184
33 344
33 450
34 50
34 52
34 94
34 146
34 222
34 271
35 123
35 196
35 208
35 220
35 224
35 231
35 256
35 374
35 390
35 393
37 71
37 173
37 179
37 270
37 361
37 458
38 99
38 199
38 332
38 333
38 413
38 447
39 175
39 303
39 407
39 442
39 480
40 301
40 311
40 403
40 443
41 102
41 159
41 268
41 275
41 354
41 389
41 478
42 49
42 80
42 125
42 164
42 234
42 237
42 245
42 263
42 269
42 369
42 451
42 456
42 462
43 48
43 203
43 217
43 248
43 356
43 370
44 309
45 235
46 79
46 283
47 261
47 349
47 357
47 410
48 77
48 86
48 217
49 125
49 164
49 237
49 245
49 292
50 142
50 169
50 201
50 307
50 500
51 65
51 101
51 216
51 230
52 222
53 147
54 113
54 382
55 84
55 118
56 110
56 120
56 293
56 317
57 96
57 127
57 160
57 278
57 379
57 395
57 455
58 122
58 191
58 214
58 225
58 236
58 249
58 368
58 371
58 432
58 457
58 469
59 186
59 465
60 144
60 158
60 218
60 250
61 183
61 189
61 195
61 305
61 461
62 91
62 367
62 471
63 67
63 90
63 103
64 70
64 81
64 149
64 194
64 415
64 473
65 216
65 230
66 69
66 119
66 162
66 279
66 392
67 170
67 320
67 412
67 488
68 262
68 336
68 342
68 400
69 119
69 162
69 279
69 392
70 81
70 95
70 194
70 226
70 287
70 424
70 436
71 129
71 173
71 205
71 270
71 276
71 359
71 361
71 464
72 82
72 106
72 117
72 296
72 373
72 408
73 182
73 192
73 306
73 347
73 364
73 416
73 419
73 459
74 145
74 202
74 257
74 274
74 494
76 111
77 181
77 200
78 109
78 394
80 139
80 341
80 352
80 487
81 149
81 226
81 415
82 105
82 108
82 289
82 378
83 223
84 118
84 210
85 88
85 327
86 254
86 438
86 452
87 100
88 180
88 259
88 422
89 133
89 172
89 298
90 103
91 134
91 215
92 450
93 178
95 135
95 163
95 468
96 127
96 160
96 185
96 190
96 243
97 151
99 199
99 209
99 332
99 447
101 315
102 389
102 478
104 232
104 376
104 427
105 108
105 289
105 378
106 296
106 373
106 408
107 207
107 346
107 348
107 439
108 274
109 454
109 490
110 120
111 300
111 486
113 382
114 126
114 137
114 440
114 448
117 161
117 318
117 476
120 293
122 236
122 249
122 457
123 374
126 448
127 185
127 243
127 291
127 339
128 255
129 211
129 460
130 273
131 193
131 257
131 326
134 141
135 153
135 163
135 468
136 350
137 440
138 319
139 352
141 398
142 169
142 201
142 308
142 380
142 411
143 281
143 316
143 323
145 202
145 494
146 484
149 473
150 405
150 491
151 288
152 328
153 166
153 294
155 286
155 402
156 474
157 437
158 218
158 250
159 221
159 314
159 330
160 291
160 455
161 318
164 269
165 280
166 294
166 353
167 272
167 401
167 406
168 177
168 334
168 466
169 308
169 411
170 412
171 381
172 298
173 205
173 276
173 359
176 343
177 493
178 212
178 385
179 458
181 200
181 264
182 306
185 190
185 496
186 366
187 242
190 496
191 225
191 368
192 347
192 419
193 326
194 424
194 436
195 305
195 461
196 208
196 220
196 426
198 337
199 209
201 380
201 500
202 498
203 356
206 446
206 470
207 346
207 348
207 439
211 228
211 460
213 282
220 390
220 426
221 314
224 393
225 371
226 287
229 247
232 427
233 260
240 338
241 404
243 339
244 497
245 292
247 365
248 370
252 290
252 340
252 475
257 498
262 342
265 483
266 377
266 423
268 354
269 451
275 397
276 464
277 372
278 379
281 316
284 345
284 489
286 399
292 369
309 435
312 420
315 383
316 323
316 449
320 358
323 449
325 375
331 434
349 410
353 428
353 444
364 416
365 492
369 456
371 469
391 433
404 441
409 472
428 444
433 463
456 462
463 481
476 482
