1 2
1 3
1 4
1 5
1 6
1 7
1 8
1 9
1 10
1 11
1 12
1 13
1 16
1 17
1 18
1 19
1 22
1 23
1 24
1 26
1 27
1 28
1 30
1 31
1 32
1 33
1 34
1 38
1 39
1 46
1 49
1 52
1 56
1 69
1 72
1 74
1 75
1 77
1 80
1 81
1 83
1 86
1 90
1 96
1 101
1 107
1 127
1 129
1 131
1 143
1 146
1 149
1 150
1 154
1 157
1 166
1 167
1 168
1 176
1 181
1 182
1 187
1 196
1 197
1 198
1 201
1 209
1 210
1 212
1 215
1 241
1 245
1 249
1 253
1 263
1 264
1 268
1 271
1 276
1 277
1 278
1 280
1 281
1 284
1 294
1 300
1 301
1 308
1 311
1 314
1 320
1 342
1 345
1 348
1 351
1 352
1 357
1 368
1 386
1 392
1 399
1 403
1 405
1 414
1 419
1 425
1 439
1 440
1 443
1 449
1 453
1 454
1 463
1 466
1 494
1 498
2 3
2 5
2 8
2 10
2 23
2 26
2 27
2 30
2 34
2 38
2 41
2 60
2 69
2 83
2 87
2 90
2 101
2 107
2 112
2 140
2 143
2 147
2 150
2 157
2 167
2 168
2 171
2 184
2 187
2 219
2 221
2 247
2 254
2 261
2 278
2 281
2 294
2 298
2 300
2 311
2 326
2 348
2 356
2 385
2 416
2 438
2 449
2 454
2 471
2 479
2 486
2 498
3 4
3 32
3 72
3 74
3 96
3 109
3 118
3 131
3 166
3 201
3 245
3 249
3 263
3 267
3 271
3 301
3 322
3 337
3 351
3 368
3 389
3 414
3 431
3 439
3 450
3 463
3 466
4 19
4 75
4 264
4 267
4 277
4 284
4 307
4 376
4 386
4 419
4 431
4 440
4 450
4 453
4 458
5 6
5 7
5 12
5 14
5 20
5 36
5 47
5 48
5 68
5 85
5 92
5 110
5 125
5 126
5 134
5 148
5 160
5 169
5 204
5 246
5 273
5 288
5 295
5 304
5 306
5 335
5 336
5 350
5 359
5 362
5 409
5 413
5 446
6 13
6 20
6 48
6 68
6 73
6 89
6 92
6 94
6 98
6 113
6 120
6 122
6 123
6 124
6 141
6 145
6 165
6 173
6 175
6 226
6 237
6 239
6 258
6 265
6 296
6 317
6 319
6 325
6 353
6 359
6 370
6 371
6 377
6 378
6 384
6 401
6 434
6 457
7 9
7 15
7 18
7 29
7 40
7 49
7 53
7 55
7 59
7 61
7 88
7 106
7 119
7 136
7 162
7 207
7 211
7 232
7 282
7 293
7 302
7 310
7 346
7 417
7 422
7 441
8 11
8 31
8 35
8 39
8 50
8 62
8 66
8 71
8 103
8 133
8 216
8 222
8 234
8 251
8 299
8 375
8 387
8 407
8 410
8 428
8 432
8 460
8 487
8 499
9 15
9 53
9 55
9 61
9 106
9 136
9 137
9 155
9 162
9 211
9 235
9 250
9 260
9 279
9 293
9 302
9 310
9 380
9 441
9 461
10 33
10 42
10 45
10 50
10 86
10 102
10 121
10 127
10 142
10 144
10 183
10 194
10 205
10 206
10 222
10 230
10 236
10 241
10 292
10 303
10 309
10 321
10 420
10 442
10 456
10 467
10 468
10 470
11 16
11 24
11 51
11 57
11 63
11 64
11 65
11 67
11 93
11 108
11 115
11 186
11 231
11 242
11 343
11 344
11 474
11 490
12 14
12 21
12 36
12 85
12 116
12 163
12 204
12 214
12 273
12 275
12 288
12 295
12 306
13 94
13 97
13 122
13 123
13 124
13 128
13 145
13 165
13 170
13 172
13 178
13 188
13 191
13 199
13 203
13 223
13 225
13 255
13 283
13 291
13 354
13 367
13 396
13 401
13 423
13 452
13 481
13 493
14 21
14 25
14 116
14 163
14 214
14 275
15 29
15 88
15 119
15 270
15 282
15 417
15 473
16 17
16 51
16 67
16 84
16 108
16 158
16 159
16 200
16 243
16 341
16 395
16 478
17 84
17 97
17 156
17 159
17 176
17 178
17 185
17 203
17 220
17 256
17 283
17 363
17 365
17 395
18 22
18 28
18 37
18 44
18 54
18 111
18 138
18 217
18 224
18 266
18 402
18 488
19 46
19 52
19 91
19 104
19 209
19 253
19 320
19 338
19 443
20 160
20 169
20 189
20 304
20 328
20 362
20 371
20 427
21 25
21 43
22 37
22 154
22 161
22 233
22 244
22 286
22 394
22 418
22 494
23 87
23 112
23 139
23 147
23 254
23 298
23 347
23 383
24 63
24 65
24 115
24 151
24 177
24 231
24 343
24 364
24 404
24 490
25 43
25 79
25 125
25 340
25 349
26 146
26 182
26 268
26 314
26 329
26 388
26 392
26 405
26 483
27 60
27 140
27 184
27 219
27 261
27 471
28 44
28 111
28 174
28 488
29 40
29 59
29 105
29 270
29 318
29 482
30 171
30 210
30 455
31 35
31 66
31 299
31 375
31 407
31 460
31 487
32 109
32 118
32 322
33 42
33 80
33 230
33 289
33 421
34 41
34 70
34 76
34 195
34 332
34 484
35 428
35 432
35 499
36 47
36 58
36 110
36 134
36 192
36 228
36 312
37 54
37 95
37 161
37 233
37 286
37 361
38 56
38 117
38 215
38 229
38 327
38 382
38 448
38 469
39 103
39 133
39 193
39 251
39 297
40 105
40 114
40 269
40 492
41 70
41 76
41 332
41 465
41 484
42 45
42 102
42 142
43 79
43 340
44 174
44 330
45 421
45 470
46 91
46 104
46 338
46 355
47 58
47 99
47 100
47 316
47 331
47 374
48 89
48 98
48 141
48 202
48 305
48 397
48 434
49 114
49 181
49 208
49 218
49 333
49 345
49 451
50 62
50 130
50 180
50 213
50 292
50 334
50 372
50 412
50 497
51 57
51 93
51 323
51 398
51 429
51 430
52 77
52 82
52 129
52 259
52 381
52 447
52 500
53 100
53 132
53 137
53 240
53 250
53 274
53 495
54 95
54 217
54 224
54 462
56 117
56 327
56 469
57 64
57 179
57 290
57 313
57 323
57 398
57 406
57 408
58 99
58 190
58 228
59 482
60 221
60 247
60 326
61 155
61 279
62 130
62 213
62 257
62 372
62 412
63 177
63 364
63 404
64 179
64 313
64 379
64 406
64 480
65 151
65 164
65 216
65 242
65 315
65 424
65 445
66 71
66 78
66 410
67 158
67 243
67 252
67 369
67 379
67 478
68 73
68 113
69 149
69 197
71 78
71 435
73 239
73 366
75 307
75 376
76 195
77 82
77 238
77 381
78 435
80 81
80 153
80 426
80 433
81 153
81 426
82 238
83 479
84 156
84 185
84 248
85 126
85 335
86 121
86 205
86 206
86 442
86 467
87 383
90 280
90 342
90 390
90 400
90 496
91 355
92 175
92 226
92 457
93 186
94 265
94 437
95 361
97 170
97 188
97 391
98 202
98 296
98 317
99 190
99 331
99 472
100 132
100 316
100 374
101 308
101 399
102 194
102 411
103 234
105 492
106 207
106 232
106 346
107 196
108 341
110 152
111 138
111 266
112 139
112 465
113 120
113 237
113 258
114 218
114 269
115 474
117 229
117 382
117 448
119 473
120 325
121 144
121 183
121 303
121 468
122 172
122 199
123 128
123 135
123 225
124 255
124 477
125 148
125 285
125 349
126 350
127 236
127 272
127 321
127 420
127 476
128 135
129 259
129 500
130 180
130 334
132 274
132 475
133 193
133 262
133 415
133 459
134 192
134 312
134 373
137 235
137 240
138 402
141 397
143 212
144 309
145 423
145 493
146 357
148 152
148 285
150 352
150 393
150 403
151 164
151 227
151 436
151 485
153 433
154 394
154 418
155 260
156 248
157 198
157 425
158 252
159 200
160 189
161 244
162 461
164 227
164 339
164 436
165 173
165 384
168 356
169 246
170 191
170 223
171 455
172 291
172 396
172 481
174 330
175 377
175 378
176 220
176 363
178 287
178 365
179 290
181 208
182 329
185 256
187 385
188 354
188 358
189 328
190 472
191 391
193 262
194 411
199 452
202 305
203 287
203 367
205 456
208 333
209 491
213 257
213 464
215 444
216 387
218 451
224 462
226 319
227 339
229 444
230 289
232 422
236 272
236 324
239 366
242 315
242 360
242 424
242 445
243 369
246 446
249 337
250 495
251 297
254 347
255 477
257 464
258 353
262 415
263 276
265 437
270 318
271 389
272 324
273 413
274 475
280 390
280 496
288 336
294 438
295 409
310 380
311 416
312 373
314 388
314 483
315 360
320 491
323 408
334 497
342 400
343 344
352 393
352 489
354 358
356 486
359 370
371 427
379 480
381 447
393 489
398 429
398 430
415 459
420 476
431 458
436 485
