-0.39911005927564 -0.345006070377714
-0.588677699181759 0.0575793057317369
0.441654851168906 -0.443343452891976
0.622708706869351 0.181976826319592
0.359358084673087 -0.560482366474229
-0.592440717968819 -0.354152614839582
0.432232271414724 0.523938011924322
-0.613023649901298 0.336919254072925
0.491299233477782 -0.558804391902367
-0.698892843006791 0.110066562219515
-0.148638331585332 -0.71092853585314
-0.709506152149655 -0.235866321793651
0.0682878142535286 0.711240276731389
-0.75401597465511 0.0169002729729342
-0.200411687342879 0.70335053536645
-0.733165963906079 0.0639161066239647
-0.341574402580729 -0.707899590976319
0.604161560498355 0.392982105986963
-0.218095735232408 -0.744529277027692
0.233418060184759 0.713861165684909
-0.735059567837565 0.0868260498278515
0.747013367449161 0.12356192974165
-0.763333459705834 0.0986163485094572
-0.729429928294208 -0.317242140342944
-0.705877533493678 -0.326395138912027
-0.741278092727255 0.323109658593907
-0.768420156400853 0.0723423776711884
-0.722464852665772 -0.244071089141362
-0.178626340956151 -0.776332966002603
-0.741084424288631 0.325677513284642
-0.814779480916737 0.110311796651726
0.468929977831796 -0.660853052065639
0.370595210080089 0.685748624066568
-0.703202744248291 -0.354453802610275
0.5449067266609 -0.582679495119414
0.429042281838172 -0.633444708746981
-0.576191001431426 -0.516590194945439
-0.146471374981003 0.797803627346536
-0.318621676459049 -0.713276171365429
-0.662891654927619 -0.427747123277757
0.595119359003693 0.568190688940423
-0.724196055929665 0.391798351297554
0.433745243219656 0.700552844014311
0.452445633259889 0.68929755413051
-0.838394793623419 0.0995935193175194
-0.57372680189807 -0.543526337358209
0.716993532346277 0.314318631526068
-0.815367069101132 -0.220273400952797
0.506305043129238 -0.56672502110921
-0.679001974861525 -0.420933349617301
-0.708824816363405 -0.352525333430739
0.524409965434027 -0.583414328231843
-0.843554916091098 0.0476782596348268
0.325775379154074 -0.69485273499403
-0.780030489191195 0.372962455243467
-0.659694015496234 -0.452521677706644
-0.729510134886335 0.356448020082075
0.486237169157115 0.651217075004053
0.592986943848893 0.573689459826727
0.574143875738217 -0.62026320559822
-0.75631806527981 0.331115415331958
0.523820652984146 -0.606039034727002
0.500856144006628 0.657027873548042
-0.229249290461981 -0.794268491444091
0.739879411206451 0.33813307667351
-0.205835445765017 0.801194142150993
-0.83284121291439 -0.145766892021317
0.535591911992555 -0.597050974562434
0.436826129751802 -0.687138855674938
-0.844253217098799 0.0510804453314495
0.782662490175154 0.269388359806881
0.56345856826991 0.607028470081162
0.0260069574169746 0.81455435305266
-0.311302340292467 -0.768040896834502
-0.824730024354829 0.0862083211389671
0.263727221859237 0.758546917521586
-0.75647185284951 -0.340831781179123
0.535872263324507 -0.634074596109516
0.810579300251379 0.181532569462445
0.581846754531913 -0.614266038453025
0.353842163032306 -0.722024661744149
-0.661481815158398 -0.503197403710678
0.549600116541175 0.667649270280279
-0.654879959309587 -0.512504622395672
0.792766577840047 -0.296446986968665
0.586835749962792 0.589835319626475
-0.31108104748795 -0.807037949143953
-0.763256310408637 -0.366451002969348
0.535979240671909 0.679023066347564
-0.79339870939212 0.136322964684422
-0.8134943719141 0.0598168921213266
-0.775644561583892 0.254717750621799
-0.676868143007473 -0.413057351287606
-0.843859532972308 0.0723199912208963
-0.751917914797902 -0.428051987977373
-0.771799358361844 0.391403098514511
-0.80780398225703 -0.310778942641177
0.241790974304261 0.796594394217669
-0.677462400901844 -0.484566271541857
0.675390747063508 0.541513597926394
-0.188279357939414 -0.811810207827398
0.149914764723715 0.82019920444161
0.370624838497835 -0.761869175187945
0.572126908163735 -0.625261830824832
0.803589090469691 0.14793186830604
0.180415201658572 0.797623423354024
0.573662882235946 -0.605656335687729
-0.723509413836066 -0.475585129573669
0.473191983361894 -0.725253426835257
0.679486211602043 0.433440005475395
0.392198473309937 0.73674151734631
0.606379212167811 0.592499658273086
0.766978634099582 0.206181658254457
-0.818696436515161 -0.221254907470729
0.139532687516325 0.823303714512883
0.698023309200034 0.512758624751365
0.4622785253387 -0.661318966399291
-0.700657600041105 -0.455038263677242
-0.757790696403494 -0.352716162253796
-0.863010052891459 0.0750002149670786
-0.815149575654554 0.0733345432522483
0.217731415602874 0.81992233513586
-0.834753660503207 0.0500847595196437
-0.700965496992991 -0.509225764640343
-0.661014765847967 -0.512874951585967
0.574574172209313 -0.608684934758588
-0.323803157653228 -0.803782213049073
0.575393189922259 -0.648140836175969
0.554646335900856 -0.627410974516691
0.561605713040031 -0.636189221899076
-0.756964975087509 -0.359051795740328
-0.643505475960733 -0.553617779646003
0.0758794123862177 0.863512849329009
-0.70723068948124 -0.413215053278554
0.566026046291276 -0.632974644485958
0.531232906509193 -0.648333096162329
-0.735902337291036 -0.458374161242847
0.131421812475918 0.828188175611575
-0.697977003978681 -0.406586175995565
-0.754991965726191 -0.365746991385471
-0.755923914869872 -0.317108534574468
-0.762581902862758 -0.350517229364441
-0.861706533673346 0.0967817889687435
0.208094646090813 0.823520312601419
0.35217867429453 -0.773241414691241
-0.836725330083941 0.0699104301983848
0.819051767148974 0.226992719333709
-0.72937146915821 -0.436834710854742
0.540882001956368 -0.642682109957419
0.574593005342789 -0.649609302042946
-0.798090190903115 -0.339771521764936
0.797375560692001 0.295688704980233
-0.847243998617344 0.0764592809769692
0.569769008284736 0.654215538994913
0.823947277983923 0.212613964111065
-0.83094548537084 0.125354991536757
0.586604157695264 -0.639352096798399
-0.76180509503283 -0.415653930160596
-0.85966892214992 0.119678746037656
-0.220566188878108 -0.839607947163945
-0.677204406205393 -0.498159587324467
-0.296859520766645 -0.815905325314464
0.597775386441254 -0.629862393455865
0.712209375435872 0.466126216272421
0.5726745108513 0.630062263536019
-0.782226169737648 -0.336856354502235
-0.749725711085885 -0.438414454745269
0.0764732939453726 0.865263200633989
0.816761371986961 0.242204562993929
-0.724781774209218 -0.479010983458823
-0.706552245177612 -0.505741559498984
0.514828020093407 0.700122891727849
0.214034789402481 0.824839572603672
0.589637473311264 -0.638573302796783
-0.704648938187733 -0.479632119685175
0.420957833396963 0.760572080544265
-0.850364200363347 0.0621338370819017
0.572362081780617 -0.632282590087332
-0.445781385144862 0.727361886006186
0.110932299906783 0.846087550704679
-0.69295554956629 -0.476612927173389
0.849985563932366 0.18282786148983
-0.761422677889085 -0.385741439965678
-0.764704369038717 -0.350923204283334
0.574686039672983 -0.614998066097848
-0.735986078112855 -0.463088556255052
-0.785839778150873 0.372567223798478
0.463541530288548 -0.736004531055867
0.842871640850939 -0.136074597244717
-0.858603535122456 0.139983131427081
-0.703877092866364 -0.421396446976082
-0.190572132058448 -0.848939589822964
-0.824225504831266 -0.279084784865872
-0.842231666920452 0.141349972723116
-0.843289696166871 0.136303958202503
0.805672897517022 0.329159542189611
0.56884940696698 -0.637578343288372
0.717336749530408 0.440994064270227
0.129660806476365 0.860732661503438
0.585595590150379 -0.62253543656226
0.584088348593181 -0.645546482673927
0.840122688116919 0.158241920767701
-0.811834421862411 -0.314690585468647
0.686597908879327 0.535633697182881
-0.769549840690458 -0.372841902568455
0.470612471925178 -0.714220355278228
0.592830454535507 -0.638032976658526
0.476122924906442 -0.72942025249007
0.240716059965455 0.837266196680041
-0.740840037743535 -0.353830360606486
-0.0647685650270234 0.868892946051609
-0.774440447122614 -0.363586280459499
-0.789190871014709 -0.369537224685956
0.540708441251168 0.683537499060014
-0.865111637743431 0.106673331698135
-0.803837374065827 -0.293533772293756
0.578619919854372 -0.612210987833789
-0.860983366647628 0.136792851752211
-0.776356893083682 -0.396838761222616
0.48013284572801 -0.727934722971753
0.580934930250769 -0.650488819080987
-0.746554688541872 -0.418728759587001
-0.769089445907562 -0.411492671351436
0.285729182137721 0.807090508545703
0.594315038914753 -0.616589002211171
-0.868434740389683 0.0827569422789729
-0.867382805747813 0.094215807843701
-0.868408494247458 0.0854242903771313
0.561126376514688 -0.647211884467417
-0.830422975296738 0.143356316407762
0.809145396720993 0.236604607700821
-0.754734962348198 0.405552010841463
0.454518987994697 0.745012296864406
0.462512566879353 -0.70520884328374
-0.820816247658197 -0.296801072122664
0.606867272066717 -0.627487697651919
-0.677163987295997 -0.503210194790711
0.400696406645367 -0.757554335881878
-0.783491965699695 -0.385183985250482
-0.747232696324641 -0.42004287431919
0.465580404820952 -0.738686726938013
0.717969992179955 -0.49713005002609
-0.790994459445609 0.330854500593575
-0.72675212601973 -0.484402439791135
-0.731209235834978 -0.47785122550945
0.816761762601611 0.261493945651772
0.80005347023262 0.309407443793155
-0.765598012065709 -0.387318511976475
0.469285998551302 -0.718513612713795
-0.813601030996983 0.114448851613642
0.465725589551947 -0.721057463666931
0.589931322213618 -0.644347211835425
-0.865219907059347 0.121612322636832
0.579231500982946 -0.654276597013851
-0.867639168392449 0.10478755374321
0.601593221850053 -0.63407738359976
0.849416935143536 0.206516339177587
0.712640423805796 0.506448985948616
-0.873022428954023 0.0486501810204873
-0.874326928457157 -0.0165744859877439
-0.863883075908797 0.136436268298784
-0.774111428737826 -0.371357724140538
0.472965637663292 -0.735797601877775
0.086727703669163 0.854378200228794
-0.868679918683637 0.103319114178524
-0.866455265900897 0.121322739824279
-0.79692860364827 0.361320211154255
-0.777200797778047 -0.402230336527168
0.426144847245581 -0.764469095258368
-0.868460214065213 0.109410558672786
-0.293833221467892 -0.824643270016193
-0.246580582950128 0.822805233595944
-0.201337238575356 -0.835223504468238
0.541299301977636 0.688149338731686
0.073436927662583 0.872548406773398
0.483297516816429 -0.730298413956723
-0.864223858926896 0.14215220495241
-0.220252685754875 -0.830630020737624
-0.852978997569705 0.105852550207459
-0.716030962310011 -0.504546295187179
0.852976487038535 0.199687021068989
0.856365343969276 0.185089175019641
0.589394812142247 -0.648389155411159
0.814234992119805 0.275894462121786
-0.232864422213673 0.827760226492356
-0.864257870596602 0.14500876097539
0.285099990710287 0.82877077871449
-0.714090202384598 -0.479377203588384
0.384110149243379 -0.787893102780871
0.870088559121936 0.106932366085597
-0.870120030187961 0.107478352918076
-0.719330210281004 -0.501393753606519
-0.862395930414912 0.158982540414487
-0.607873311543643 -0.632188365045414
-0.712372365306855 -0.511729394860202
-0.873081172268391 0.0850838749299384
-0.343017607036653 0.807475655038889
-0.785394905032906 0.391152460049885
-0.779660861209524 -0.402667505174826
0.482704071146398 -0.732922314546677
0.258132028650769 0.838875287178456
-0.772464170367445 -0.416902799646218
-0.762177387391226 -0.398905371309995
0.56357602625472 -0.673093788194449
0.152692182828018 0.864593564395102
0.47675523876377 0.737363229858379
0.574189083985964 -0.640825548257882
0.476493862711253 -0.737642363350227
0.487885793061078 -0.730268506786504
-0.247775701826184 -0.842670303759965
-0.778569371811946 -0.406788145123701
-0.738438134606268 -0.442004898579466
-0.737838817501321 -0.443350798178264
0.488794706004566 -0.729990990120405
0.564007078628433 0.650512912289494
-0.772184987879501 -0.419162418496618
-0.68433013097514 -0.522748936034662
-0.857570192678148 0.0803048508912718
0.676388676843947 0.560913770726488
-0.235209300755707 -0.846735516003568
-0.866858481871189 0.144909665722757
0.854243584235975 -0.111547886044127
0.597886051772089 -0.644307490096408
-0.719977051998889 -0.504370696040248
-0.691335655234934 -0.543109656810411
0.857933452098764 0.192403397116402
0.589515750188386 -0.652453294846085
-0.314381118262952 -0.821305876083251
-0.749516574614141 -0.460171606053837
0.852941213569787 -0.122327702927162
-0.874016152201358 0.0989060656080725
-0.778131146589186 -0.410306807271112
0.832734661510331 0.22208501303842
0.78095580487774 0.405093046780185
-0.739518914523557 -0.442916236329742
0.596323994559005 -0.646948302348763
-0.690361112405843 -0.545616619184137
-0.876820588648104 0.0750509760907512
-0.875691133781267 0.0881053511758799
0.539282563828023 0.672703396151729
-0.774446214113386 -0.418306811140363
0.875103182469463 0.0953491121056707
0.867493315941385 0.150004611995455
-0.756629015120864 0.413713545565892
0.874775179420697 0.0998144596911484
-0.830552482382276 0.14994403717699
-0.855678225408004 0.108398682308338
0.596832580406054 -0.62290756772464
-0.87546046412238 0.0944008694827889
-0.748560478064948 -0.463839706185922
0.716118118463918 0.481335250936062
-0.871739306121108 0.125330235413851
-0.757088872607048 -0.450111164608478
-0.853359210062862 0.128728492766126
-0.867443309872908 0.153205015591103
-0.72723509213289 -0.464978121289574
0.842032596716896 0.258952405019215
-0.875250212948512 0.100783913439909
-0.855749373337021 0.114234447064088
0.47507979766601 -0.742067471851893
0.488619826147418 -0.733321044084802
-0.832592734947545 0.288863457033627
-0.756725120999926 -0.451844058994487
0.480817249283125 -0.738751293513228
0.517777475978437 -0.691044403157509
0.0963200600020016 0.87624392910871
-0.702996176538361 -0.501707158804708
-0.868614085127119 0.150772561771441
-0.189637796377664 0.861046840055183
0.401268036292669 0.785168150102806
0.59954749108569 -0.646674819170491
0.715842468063309 0.483486838206196
0.842200528061316 0.261694081957597
-0.670187103825095 -0.573388461603616
0.608461955954755 -0.638622147014453
0.599844700218668 -0.646830124205692
-0.877727117923645 0.0890854500347951
-0.744174634100673 -0.474007411267438
0.195600735666407 0.860439789728677
0.532253918272441 0.703888473128159
-0.248742246873709 0.827400740422303
-0.213860812109889 -0.85624370199431
-0.781616684936185 0.410001419425138
-0.518717183832981 0.714208616266098
-0.707119740147325 -0.528467950212563
0.585337575692782 -0.660917121751104
0.592329572866348 -0.654760718061246
-0.231938346622998 0.852000300122166
0.485236960051269 -0.737820151501194
0.582560688910978 -0.663769306910853
-0.794116814969551 -0.386623708022369
-0.872433748786663 0.138170599921598
0.387055938804042 -0.794072673870076
-0.667895238621297 -0.578282985407495
-0.767081570052702 -0.438420206308093
-0.774473859733683 -0.425379134673685
-0.690783102485574 -0.551095485478819
0.545707142978758 -0.695141145505506
-0.741211327833815 -0.481407151056882
0.28304767549183 0.837353141087557
-0.738110455783566 -0.486413436201545
-0.874050391118755 0.132549660738401
-0.789652063389295 -0.39763193925192
0.674303777980485 0.57192973131737
0.727778573988975 0.502249773283921
-0.87850271222391 0.101372490544159
-0.87215016526217 0.14671067756578
-0.881648109738011 0.0706591074968216
-0.875299800025232 0.127562356792124
-0.879288275785343 0.0969507682230104
0.607682267468026 -0.642957734553026
-0.693880004920107 -0.548933170039461
0.53256470335414 0.706608987625047
0.546301408846305 -0.696132296314137
0.503225369950784 -0.727965144224572
-0.679631489325742 -0.566915626797727
-0.881358798750205 0.0813748614176139
-0.703655010657731 -0.537035739064194
0.879540601757815 0.100340906079727
-0.518409288156722 0.717658440713199
0.607034204417116 -0.64452526368526
-0.878371389560274 0.111750665435274
-0.877183701486201 0.121219174573478
0.58736425931209 -0.662773751101034
-0.878392963154546 0.113189066340068
-0.695304333365515 -0.548687208484844
-0.718812456521719 -0.517623310158064
0.845432206801621 0.26455388529762
-0.84469129010827 -0.26713255478636
-0.76160280582621 -0.452706102650718
-0.7772042901653 -0.425503563992205
-0.880575726377854 0.0990151321389482
0.569035182644075 0.679362977908624
0.605558396458964 -0.647109950024306
-0.877803598942346 0.122596663477455
-0.884076727223764 0.0639840655400454
-0.8753224475731 0.140044398203461
-0.884002069025813 0.0667685933332592
-0.752709207422723 -0.468467841066813
-0.879140092077439 0.115157364629385
-0.315502916487381 -0.828686531544013
-0.677743989175089 -0.571875134080277
-0.796276894070982 -0.39042990091999
-0.7602528367938 -0.456751607231758
-0.794919010497781 0.393476648732832
-0.868252127148195 0.181581232865012
-0.256513532936744 -0.849203978856103
-0.859711519360367 0.087372781179763
0.859117247481541 0.221307325871985
-0.878843968551518 0.121676383070304
0.816200623608653 0.347995102436631
0.150558531959697 0.874487315766249
-0.204698000396137 -0.863484948553292
0.826793205246 0.322539639074336
0.825227625261213 0.326694338364606
-0.777892558151943 -0.427461928972768
-0.217025569668042 0.86072693238421
0.387119622887427 -0.798873879279426
-0.883362051477337 0.0885573392429822
-0.742198310192733 -0.487259824377842
-0.777527962379738 -0.377438566041
0.83384243490409 0.305117236285965
-0.732196657394885 -0.502381100993418
-0.796284233847758 0.393114274993764
-0.883020634872976 0.0948176643662115
0.856186074323339 0.23615540142368
-0.726112743187329 -0.511558509823676
-0.804182737271356 -0.377265860348151
-0.685602463009619 -0.564885802664347
0.864009150605461 0.206741197713869
-0.611628438323793 -0.644415349366939
0.588565028038486 -0.665626154902286
-0.837468295041637 -0.297018576837433
-0.886954578481094 0.054687252916227
-0.79830869388688 -0.390497144716073
-0.881850709042934 0.110587164375718
-0.801995564571541 0.38314285214433
-0.879589028241568 0.12815359424396
0.613037237547888 -0.643731431028171
0.838587480998834 0.295093529984674
-0.884985383874292 0.0849359069248843
0.763993375083109 0.454786965095451
-0.759053206907041 -0.463097023849524
-0.885656998895263 0.0795965470691927
0.747307273996747 0.482036115803707
-0.256890845049978 -0.851432243594377
0.488126170696758 -0.743481776248984
-0.885034426182401 0.0885926611808855
0.477620363411439 -0.750410165391056
-0.789245614528439 -0.410401960744101
-0.881787436637336 0.117859482245472
0.50101613533893 0.735203411108995
-0.823819586852241 -0.261918128462624
0.369241150415437 -0.809508018002565
0.619884726242305 -0.638346279554075
0.86637167996672 0.203085452595118
-0.243097660486094 0.856065075965299
0.594801107432046 -0.662008749093717
-0.76842703294528 -0.44906975893265
-0.848976112237979 -0.267362833888787
