0.0781302780656244 -0.504487501076249
-0.530479594197597 0.230555048176447
0.0394060485359229 -0.637941447869236
-0.602329848443294 0.262888643160809
0.451008594617498 0.417838360366103
0.0929054685975259 -0.709180438466264
0.119828848816637 -0.6909817295856
0.593587382663297 0.313748373654515
0.0675638003500309 -0.689548596523251
-0.55469522585882 0.398572168986309
0.585021251404783 0.438764996932993
0.684033753675902 -0.185292181087905
0.521661535378918 0.497872860653853
-0.683747743730765 0.309370766210612
-0.570942909692218 0.449139588698075
0.532289854791849 0.507890821340234
-0.64662079797267 0.359470651941401
0.0898365266992869 -0.759069339309996
-0.658513965797168 0.353015692677132
-0.572566656871353 -0.474496745751618
-0.68657797633818 0.355507524362166
-0.720869113248863 0.335052391191354
0.658059606504021 0.393475103888541
-0.145734600310281 -0.739362591777658
0.0750711385806797 -0.752779730506617
0.568339345945042 0.557512048365517
0.561626806537476 0.52525034198603
-0.683543476030456 0.373239360047942
-0.687827419938033 0.375864935738587
-0.683023812402376 0.387682947911023
0.0711682687022602 -0.783654485737173
-0.711056292088248 0.360685765188344
0.74076562052288 0.404250703884696
-0.75953011443724 0.328061520834025
0.11484248599982 -0.819873513587613
0.0951713214719988 -0.782564403925158
0.0766487148193683 -0.755396174771765
0.669037337536736 0.488496985844792
-0.758843200750686 0.420450067452292
0.106353295959372 -0.754428534236049
-0.68924833816964 0.354609523454513
-0.763274242137527 -0.109656364226713
-0.624283133669637 0.497778378312286
0.087439023529855 -0.794756819193236
0.698693582882383 0.420682142591134
0.681028994509479 -0.420963913161153
-0.64693335702814 0.49779803559572
0.110460685338569 -0.821514313082603
0.15554291663123 -0.78644929498069
0.699859095146179 -0.393113263274053
-0.638689933034567 0.44868896277279
0.0853071713042429 -0.785113073492507
-0.786539422896476 -0.0847617232291609
0.0963071313642704 -0.8238008266011
-0.770457564591614 0.345102435642262
0.111115131116156 -0.809405640799759
0.0966498825207086 -0.786494674116893
0.533032561609834 0.565337267497244
-0.74954125823791 0.356279465830536
-0.761913774202045 0.330223976071423
-0.278876555303524 -0.730812135340926
0.087460665514468 -0.798935272480822
0.591130762570557 0.583889977225413
0.725303806009515 0.432640642308697
0.0769628978615258 -0.81406314991306
-0.635692919474835 0.493366672116032
0.652119713264549 0.494449479157093
-0.278221960907018 -0.756070453828756
-0.64859520869998 0.457456194904531
0.118730993918279 -0.836471360442868
0.571957074559213 0.56869585049017
-0.228204854727411 -0.786614359290715
0.596297234676419 0.562449901610841
-0.085483508481714 -0.8029381734327
0.600119264749606 0.595122721861848
-0.76451404565294 0.361054423751224
-0.737451001116332 0.414163012756094
0.109570277032257 -0.838974072221686
0.764097749292215 -0.263832755794491
0.0859595477870214 -0.842025852688657
0.0681260424534058 -0.817521772048955
0.110623525747214 -0.823964609022551
-0.677264968924387 0.508151102300617
-0.0219950440022249 -0.808934575936561
0.0736769191431106 -0.82855832850874
-0.0146056763984748 -0.867562846862686
-0.71904745419688 0.419141900565623
0.67944802252629 -0.460845629587543
0.728832054968844 0.431524567537131
0.723258517378655 -0.364873822978075
-0.728339336138823 0.403724198949414
-0.773930845489907 0.344877381815499
-0.633863531208438 0.50576849785117
0.0899628979059171 -0.863157765395126
-0.744764865980641 0.373563165167638
0.0305428930573036 -0.86744250664427
0.0844917306528508 -0.817262417910636
0.0909415162099591 -0.842694683720407
-0.763337058042669 0.413472279716264
0.0867883389640834 -0.843423650023649
-0.789758389303871 0.360799956166687
0.603129650866702 0.596336310296524
-0.72744417663989 -0.407176299364731
-0.675197841047547 0.513782772064967
0.101111276974792 -0.81599339267958
0.122549348103928 -0.859725208708387
0.274767558934375 -0.80302303564991
0.117795690603307 -0.825727603614308
-0.766711321399382 0.364652193507946
-0.754386781423352 0.356830383847706
0.604015249884884 0.597037099714964
-0.715470792825537 0.40640658480274
0.769564439256213 0.323905315996144
-0.740535352234052 0.386600186345094
0.0739875547973188 -0.84633318165949
0.0893300063023849 -0.845125173654683
-0.664510253208183 0.53018967587947
-0.780780021715887 0.380496945776554
-0.689491854030523 0.497725559989671
-0.773201454969376 0.395983858198558
-0.773375105852009 0.354219922698905
0.0967135509312485 -0.84538434318204
-0.0245614338592593 -0.835433392818326
0.745341818524234 0.446493421838675
0.108659159325684 -0.862165793325692
0.612017626348734 0.591528867249444
0.0642288451254012 -0.820926307398972
0.116450329318461 -0.861290099507014
0.752989241313662 0.397390732966691
0.0970684354718307 -0.830555051443678
0.0878972779751059 -0.847126300008749
0.801359547149947 0.129343365395261
-0.796266058146964 0.348690575774487
-0.646288256819424 0.531261934537091
0.12791868014878 -0.859944070859385
0.0776844589955594 -0.866067648880371
0.0948771834961841 -0.846628884940529
0.0875690204184233 -0.832427407667286
-0.633437398806002 0.50888118361773
-0.755754684402701 0.360703338279042
0.814100482791753 -0.251897584432917
-0.763499107095226 0.379087829850356
-0.616714537036468 0.530223865783159
0.092499554709097 -0.847647019193103
-0.738246139086555 0.42716996184845
0.809707559392547 0.0842311148271967
-0.0793547795020199 -0.866054700404241
-0.755728918461827 0.430651179578473
-0.795431584640604 0.352296447139857
0.809547737246036 -0.269315206160665
-0.622370369774894 0.540061109926645
0.853246466902307 0.0167985446495005
0.666356308440936 0.507840661468261
0.0908777090782202 -0.84880111904493
0.0932581771494989 -0.86508006286129
0.0977438854757564 -0.848277970296467
0.628068882222822 0.602349862301163
-0.425678042025195 -0.722069634395656
-0.0120746624890471 -0.838502741051824
0.0805608288402297 -0.820653237634851
0.09605158932954 -0.86504573206599
0.0886161293416049 -0.865973579836408
-0.794238964445839 0.35662228385062
0.119262004761566 -0.862555731526318
-0.764919782179873 0.416357160293638
-0.129132482331854 -0.844309434685176
0.809220407769464 -0.322252314018151
0.643690183443869 0.587004910618872
-0.651568864870634 0.578443054075801
0.0886053961600353 -0.820394748291335
-0.0176307899891812 -0.838785456068566
0.0892822926354976 -0.834585459552892
0.714674791802153 0.498601823612681
0.617343329646271 0.569224899136353
-0.00381195055734987 -0.854353744273862
0.684073200457094 0.51222746353574
-0.547203433766525 -0.678348494846557
-0.802166866569185 0.143084853307143
0.097427868217561 -0.86620984594148
-0.745868402358355 0.38656048681004
-0.774367775862337 0.400485477688423
0.0995377762709631 -0.866226106888219
-0.688754920555973 0.534876112390298
0.614301171750081 0.619135870332959
-0.774735481525347 0.361266373762668
0.54791504379742 -0.65643736829181
0.74038636951795 -0.428180503596563
-0.772557737843487 0.405053163320058
0.627414126802142 0.581591633722952
0.120183814911416 -0.864110385628135
-0.585205200325011 -0.624352632119333
0.102669157394555 -0.849777419300358
0.134443489525731 -0.829630053907442
0.827359231109428 -0.277171462737139
0.0762007348701457 -0.837353287748321
-0.74504464339932 0.421840819680261
0.117464199495057 -0.864734017253128
-0.747897216795617 -0.449918874855499
0.088820692779176 -0.868390266860422
0.0747293569080361 -0.853131075711871
0.797565302669717 0.267313297765678
0.743938563204929 -0.393339296191915
0.0869964892237394 -0.868697282066258
0.0887508964067427 -0.852005671712933
0.603422306684649 0.608311254508628
0.0949506087669974 -0.851770833495886
-0.710093096330149 0.508116916495916
-0.789020461794846 0.374262524460269
0.638243300001055 0.596222286211423
0.10752223973305 -0.850490277081871
0.0993379796772826 -0.867857346601496
-0.769235480830464 0.378859587267869
0.136242326713879 -0.846791848991347
0.0769988235479581 -0.870243394566533
0.603557230807346 0.609668130135623
0.082362926235784 -0.869871145145881
0.611679008716426 0.601814830366667
0.0984713637162287 -0.868313903100149
0.0893945230144223 -0.869413342363603
-0.678183817279477 0.551490768874373
0.0792202783845402 -0.870633706412123
-0.83898865208447 0.0696129741194421
-0.768799275929735 0.416448383255581
0.0954120993633125 -0.869241010390287
0.750965566737078 0.343324932213697
-0.790749982368966 0.373629276165819
0.0649010956557621 -0.872279966644809
-0.128934508886977 -0.848564404696114
0.115623004125195 -0.867130379825443
0.0877568783733668 -0.870506148232329
-0.708540127476501 0.513469311471728
0.611105168732947 0.626440037390877
0.648875416310389 0.562136418505193
-0.0988145694722397 -0.853007043474388
0.0738188770080107 -0.872137264578394
-0.663048923683125 0.545983368398255
-0.193015976035175 -0.853822374192859
-0.797529178629675 0.361122416070676
0.115414257087079 -0.86794891527583
0.111831106818638 -0.851803747990168
0.66895220193398 0.539370593526424
0.0890233211454025 -0.871162102143309
0.637982739149685 0.600015491044809
0.0933455132717248 -0.870929621887253
0.588186577009276 0.602798542849545
0.638408842166706 0.599880316749011
-0.742235010933646 0.433410337975345
-0.0904177591443478 -0.854938253362348
0.0845455748437504 -0.855734844522563
0.752167145928238 0.417142436868181
0.646144330643615 0.591700459464881
0.110286233186321 -0.869274295154178
0.091212835070632 -0.871590063912339
0.0840004380260025 -0.856176493755562
0.104099735790469 -0.870252654278067
-0.658432384418016 0.578644885441758
-0.698963076858064 0.529149937570477
-0.132310481097072 -0.866734199163443
-0.80288971552861 0.352543340239179
0.643523957903754 0.571226855351024
0.115593154399115 -0.852870624707749
-0.677838327640835 0.55645093758931
0.632285103795047 0.607865951517462
-0.703281952234976 0.496456852826952
-0.816404945252243 -0.273643357031048
0.754458974628429 0.415343459627727
0.0981196374883801 -0.871688197279733
0.144428454628761 -0.865326411259403
-0.714020225644221 0.509907236495247
0.753373664451664 0.417690665773637
-0.770459365141233 0.385676834021741
0.553632595227744 0.613369056706865
0.060988560693433 -0.875380411437677
0.0960201606577229 -0.872336002111112
0.612307140111648 0.628847160420187
0.110697651073668 -0.870800174325382
0.0884952197066804 -0.873437438135306
0.839049182132636 0.0768231112247743
0.0908483283934467 -0.873297038234287
0.0932238405922484 -0.873147498587913
-0.769787627467274 0.387422525587317
0.622462388348266 0.596257343999927
-0.683299475695481 0.551683335179983
-0.710111225152723 0.516884415895182
-0.803664754640086 0.35457655372373
0.0887047552320675 -0.87401745012314
0.811668950456647 -0.336364935786693
0.110898979119079 -0.871677375199407
0.116349710138328 -0.871065043801217
0.114236417502098 -0.871442773281122
-0.697775581554975 0.53454838308497
0.109544670418824 -0.87223984352421
-0.778410531204001 0.4087156045384
0.0966733400628632 -0.873953127247673
-0.680778613276554 0.556639983930719
-0.717662977491481 0.508364653936255
0.0893266069709366 -0.821977887998315
-0.755733641958956 0.414921749695543
-0.650586347499411 0.535922380406776
-0.0184021368159963 -0.86212762342513
-0.670352107171766 -0.569446569585469
0.0972402244511622 -0.874272070029304
0.0993825665310434 -0.856757384696607
-0.750561106761624 0.425292534767092
-0.778441596827246 0.4098796974061
0.774795635980625 0.379751541029642
-0.867403034317293 -0.147476913970499
0.10838810006628 -0.856197136131791
-0.676889885792205 0.5622470402769
-0.833462600200561 -0.282498401732945
0.0779106403250272 -0.839624788925178
-0.791011366020061 0.385913578530822
0.10750609838965 -0.87363215909743
-0.76562563553433 0.398671716489044
0.777185775753686 0.413442673896521
0.81280559701914 -0.338320747965062
0.645655328129608 0.598668346214215
0.595117538143305 0.625504077132508
-0.773401946299784 0.421051280801294
0.0930070450501643 -0.875753413076416
0.7232617538608 0.471815027586575
0.0955746132718834 -0.875567750872192
0.825244566312798 0.254918468773051
0.0945399204632925 -0.875770566380358
0.121843374771299 -0.872481525159174
-0.801387148006028 0.366068095025467
0.630714957050718 0.615290746127394
-0.716534596438703 0.512950815981527
0.10649562651105 -0.857300437115089
0.0900150454174713 -0.876694605162565
0.118441630758651 -0.873397365229949
0.759352761744205 -0.447648823450259
0.0920160955030191 -0.876751564478355
0.0941025422666247 -0.858918929842746
-0.872871075959436 -0.124137064202556
-0.763842401081726 0.404266990170796
0.0960780774051194 -0.876490768397561
0.630014575311213 0.61700998370607
0.630806140090735 0.590981368823255
-0.754776939002483 0.421632376201004
0.817518409836125 0.330810280752661
-0.777519010446565 0.378432806423607
-0.802330175469282 0.366319093454802
0.0777912008844506 -0.878648397563061
0.631592679115832 0.615886149677922
0.118947076315693 -0.874200627653059
0.104506656582886 -0.876129606423161
0.610412120690921 0.63723689479689
0.0777993065131358 -0.879073194446014
0.110432630337733 -0.875656984185256
-0.662465717362796 0.583315791777971
0.0992703947422193 -0.877160569323242
0.775488040824546 0.421936285816153
0.598904944768455 0.648745693550436
-0.762955647434995 0.444525015682143
0.0925443497569392 -0.859922241373236
0.658891041126255 0.587972477862071
0.103955162524355 -0.877033136524362
0.0889094834930031 -0.878767998247827
0.698706252642095 0.540454893500692
-0.748940338930055 0.432898400405739
0.778316570821689 0.417909801073966
-0.199246882754263 -0.860737401283305
0.600627819014425 0.622767416402556
0.633948164106865 0.615483851362983
0.0927129185765327 -0.878781519511519
-0.807668397723935 0.358700363692349
0.0868788376806458 -0.879538150441899
0.767385066498929 0.438629802181535
0.878288055962513 0.100131135411433
-0.702078627838413 0.505922385907437
0.103077411024718 -0.87802674789263
0.81666634054667 -0.286714570593996
0.0909046500802562 -0.879449599582431
0.643985089062661 -0.605902099249207
-0.0372377832069998 -0.864892065097025
-0.717523110659816 0.516849297575662
-0.695408227634071 0.546368043329404
-0.803752267467531 0.369094211640052
0.105155435968263 -0.859442580692114
0.0665586601246583 -0.882017780988347
0.0940707083584502 -0.879586764407887
0.819557778062374 -0.333141943522792
-0.80117773867371 0.375378009597152
0.871639223833907 0.152233304011278
0.657729832940147 0.591993635360359
0.639978586331455 0.611250420510737
-0.811879052083304 0.352400812581343
0.120434250388689 -0.876905566284278
-0.78821055924614 0.40289619363782
0.121986317903361 -0.857374681907928
0.0998688602159496 -0.879636563599065
0.0946638848502492 -0.880287263381136
-0.758366243637129 0.418478155939996
-0.804613526926011 0.369589278442742
0.596965492920381 0.627809993967843
-0.785940595237318 0.407956360464321
-0.805343482138252 0.368353555149753
0.110408296532666 -0.859413529387091
0.647531003344315 0.604232676936652
0.107789223218593 -0.879150546736225
0.750098832034399 -0.471175367553171
-0.770279053575312 0.437555211252465
0.846193608065131 -0.262431468374041
0.0884781174234561 -0.881597784452767
0.635041660649919 0.589720852795684
-0.701143115804372 0.509619955302888
0.88196128853571 -0.0855340254196074
0.100641797402005 -0.880438179574895
0.698150416899537 0.545906726990132
0.100771738308638 -0.880568476601226
0.607265638855217 0.645686830733041
-0.0331935513273343 -0.885837520186422
0.84685121514924 -0.262258384191198
-0.805974273744907 0.369415838156812
0.122468122156299 -0.878174206642721
-0.0563842261105428 -0.841676672805276
-0.775344926235456 0.430295303425296
0.0992062574228744 -0.881247403223279
-0.857859689250355 0.125120308837451
-0.804592507744493 0.37308775072451
0.128002502542314 -0.877669232778927
0.087285071933509 -0.882719227134615
0.149618668675624 -0.874385392036329
-0.253399726709056 -0.850204345674626
-0.77801675476706 0.426464209601336
-0.841095986387714 0.282598529543016
-0.868963579377553 0.17980248534133
0.63638894563244 0.618512450007277
0.638283439747443 0.61665578263963
0.102814504360638 -0.881601102422713
0.112982525499991 -0.880424419660855
0.161414259947596 -0.872913623003741
0.101118931820146 -0.88200222768116
-0.104708206135448 -0.881651312854413
0.0105190335942459 -0.887852319811389
0.629045109929037 0.626748639614788
-0.688695314962191 0.560650744987762
0.0932230364444989 -0.883209216629965
-0.80535602797167 0.374524976327524
0.608009330131385 0.647541392693273
0.0819554963614402 -0.884525910511263
-0.796390841318554 0.393677134277457
-0.813844391062525 -0.299162876780272
-0.692397864793912 0.556706569481662
-0.724714204351294 0.51404568064297
-0.801337280305327 0.383964216095275
-0.691442457810694 0.55820541521501
-0.805430778508053 0.375610048204902
0.103798499903785 -0.882690714076123
-0.754496114148558 0.427595766327685
-0.776581514654513 0.432380902333228
0.0960626747976187 -0.883696110784219
0.882584759894683 0.106327083514206
0.0658267441836866 -0.886590263303749
-0.0754547687074778 -0.864100194916152
-0.786515537153013 0.414587276018045
0.0964443821234356 -0.883912508598963
-0.889101750917412 -0.0146341875888516
-0.116807622972148 -0.881580968468113
-0.0857066346855619 -0.885209603065191
-0.780139542484622 0.427125637393303
0.115978452828451 -0.881881549005591
-0.770647688239098 0.444274652654966
-0.767834268289691 0.449243618593958
0.261635488155801 -0.850321903045434
-0.7759593348823 0.435314212407066
-0.700732212561921 0.548357836096516
0.642564018985378 0.615584065719835
0.082738243654016 -0.886056808728268
0.708524162033674 0.538558759711676
-0.0346228479700331 -0.889360861496048
-0.802798050648818 0.384429381802941
-0.815524794845161 0.356789664394081
-0.268484745495236 -0.848766230489397
-0.749451379290064 -0.480540468599549
0.655015246672176 0.603041956609834
0.128985205424504 -0.881008047300379
0.645459226694989 0.613434807690549
0.75283527846725 0.475674428063924
0.848292144125775 -0.271172502864953
0.0901516661095978 -0.886066287125549
-0.794747177654293 0.402149403609406
0.126905488755793 -0.881673624213409
-0.68862997454445 0.565108872651186
0.69417496511362 0.558378034552926
0.08013772275798 -0.887326447772083
0.108065454972202 -0.884419155159532
-0.852090663236061 -0.260617976380255
0.739251463444623 0.497586258594381
0.633944080567273 0.626341789548978
0.800705388339657 0.391361829074092
0.111306133734038 -0.884312135699964
-0.211884830778531 -0.865797539841881
0.778781780273651 0.433708194869672
0.784973365382744 0.42252067374698
0.100520398231527 -0.885835958705707
-0.810203517461465 0.37213236525736
0.0924706505853779 -0.886827889920739
0.102497265553918 -0.885782636768022
