1 2
1 3
1 4
1 6
1 7
1 9
1 10
1 11
1 12
1 15
1 16
1 18
1 20
1 21
1 23
1 24
1 27
1 29
1 31
1 32
1 35
1 37
1 39
1 40
1 43
1 44
1 51
1 52
1 54
1 55
1 56
1 57
1 59
1 60
1 61
1 66
1 68
1 70
1 71
1 72
1 75
1 89
1 93
1 98
1 105
1 106
1 113
1 119
1 123
1 128
1 137
1 138
1 145
1 154
1 162
1 168
1 169
1 187
1 191
1 193
1 196
1 211
1 216
1 220
1 223
1 230
1 236
1 241
1 247
1 249
1 250
1 255
1 257
1 259
1 267
1 272
1 276
1 280
1 284
1 292
1 296
1 304
1 315
1 318
1 319
1 322
1 329
1 334
1 336
1 339
1 374
1 379
1 385
1 386
1 390
1 393
1 398
1 412
1 415
1 423
1 424
1 434
1 435
1 440
1 442
1 448
1 453
1 456
1 457
1 467
1 473
1 477
1 478
2 3
2 4
2 5
2 6
2 7
2 8
2 10
2 14
2 20
2 21
2 22
2 25
2 30
2 37
2 41
2 45
2 60
2 70
2 76
2 88
2 101
2 120
2 122
2 135
2 138
2 162
2 166
2 175
2 179
2 181
2 209
2 227
2 253
2 276
2 314
2 322
2 337
2 360
2 379
2 414
2 424
2 440
2 455
2 459
3 9
3 12
3 15
3 17
3 27
3 33
3 38
3 50
3 55
3 62
3 78
3 84
3 95
3 98
3 108
3 111
3 112
3 117
3 134
3 141
3 147
3 150
3 155
3 157
3 159
3 165
3 167
3 173
3 177
3 185
3 195
3 197
3 199
3 206
3 208
3 210
3 213
3 221
3 226
3 243
3 246
3 248
3 263
3 267
3 269
3 270
3 271
3 273
3 329
3 373
3 377
3 403
3 406
3 408
3 409
3 410
3 418
3 427
3 430
3 460
4 5
4 8
4 13
4 28
4 41
4 74
4 91
4 114
4 120
4 124
4 127
4 164
4 172
4 181
4 225
4 227
4 274
4 302
4 312
4 314
4 342
4 462
4 490
5 11
5 19
5 25
5 26
5 34
5 88
5 103
5 121
5 122
5 131
5 166
5 190
5 218
5 264
5 320
5 351
5 421
5 468
6 23
6 32
6 43
6 44
6 57
6 66
6 71
6 187
6 217
6 280
6 286
6 290
6 331
6 336
6 349
6 350
6 391
6 393
6 415
6 429
6 456
6 485
7 29
7 40
7 58
7 68
7 77
7 115
7 146
7 149
7 160
7 169
7 171
7 180
7 196
7 215
7 232
7 240
7 278
7 279
7 340
7 357
7 361
7 380
7 388
7 407
7 416
7 420
7 442
7 464
7 479
7 484
7 491
8 13
8 14
8 172
8 281
8 365
8 455
9 50
9 62
9 95
9 112
9 150
9 155
9 167
9 177
9 185
9 206
9 210
9 213
9 226
9 269
9 273
9 354
9 377
9 409
10 16
10 31
10 52
10 61
10 64
10 80
10 87
10 107
10 116
10 125
10 133
10 174
10 182
10 188
10 192
10 242
10 258
10 294
10 298
10 345
10 359
10 381
10 394
10 454
10 458
10 463
10 498
11 19
11 26
11 34
11 65
11 85
11 102
11 218
11 289
11 309
11 499
12 84
12 93
12 104
12 105
12 113
12 119
12 168
12 201
12 212
12 272
12 326
12 338
12 358
12 364
12 390
12 404
12 405
12 411
12 423
12 432
12 461
12 469
13 28
13 74
13 91
13 114
13 164
13 225
14 175
14 209
14 281
14 337
14 360
15 17
15 33
15 38
15 63
15 79
15 100
15 108
15 117
15 126
15 195
15 198
15 222
15 229
15 239
15 252
15 265
15 285
15 308
15 317
15 378
15 465
15 500
16 18
16 24
16 42
16 48
16 59
16 81
16 83
16 92
16 94
16 132
16 136
16 139
16 200
16 204
16 205
16 362
17 56
17 63
17 109
17 158
17 178
17 198
17 224
17 252
17 283
17 285
17 310
17 341
17 401
17 413
17 500
18 36
18 39
18 46
18 47
18 69
18 144
18 176
18 194
18 228
18 293
18 366
18 367
18 371
18 392
19 65
19 85
19 115
19 186
19 254
19 282
19 289
19 309
19 395
19 499
20 106
20 145
20 315
20 477
21 22
21 30
21 214
21 253
21 266
21 414
21 480
22 135
22 179
22 459
22 472
23 259
23 304
23 318
23 386
23 435
24 42
24 48
24 49
24 96
24 200
24 323
25 131
25 190
25 299
25 330
26 102
26 189
27 35
27 51
27 53
27 67
27 73
27 118
27 152
27 233
27 251
27 328
27 355
27 443
27 495
28 490
29 77
29 146
29 149
29 153
29 160
29 170
29 184
29 202
29 240
29 352
29 388
29 399
29 479
30 45
30 82
30 214
30 238
30 266
30 303
30 437
31 64
31 87
31 107
31 110
31 125
31 182
31 258
31 298
31 359
31 454
32 217
32 286
32 290
32 349
32 429
33 79
33 126
33 229
33 239
33 307
33 308
33 465
34 103
34 121
34 189
34 235
34 332
34 351
34 476
35 36
35 99
35 207
35 251
35 346
36 99
36 140
36 207
36 367
36 372
36 382
36 481
36 494
37 76
37 101
38 100
38 222
38 288
38 317
38 378
39 46
39 47
39 371
40 54
40 58
40 148
40 387
40 447
40 489
40 493
41 124
41 127
41 299
41 486
42 49
42 81
42 97
42 231
42 323
42 383
42 471
43 220
43 255
43 334
43 473
43 478
44 72
44 128
44 129
44 219
44 237
44 256
44 482
45 82
45 151
45 261
45 437
46 144
46 277
46 291
46 293
46 295
46 392
47 69
47 176
47 194
48 92
48 94
48 132
48 136
48 203
48 204
48 311
49 96
49 231
49 234
49 383
49 417
50 354
51 53
51 73
51 118
52 80
52 86
52 130
52 396
53 233
53 355
53 433
53 443
54 148
54 345
54 402
54 422
54 458
55 78
55 221
55 446
56 67
56 109
56 158
56 183
56 245
56 268
56 428
57 391
58 493
59 83
59 86
59 90
59 143
59 161
59 369
59 400
59 441
59 445
60 75
60 191
60 363
61 174
61 394
62 111
62 141
62 199
62 419
62 488
63 178
63 283
63 413
64 110
65 186
66 123
67 183
67 268
67 431
68 180
68 232
68 279
68 344
68 361
68 449
69 228
70 223
70 339
71 89
71 211
71 287
71 333
72 129
72 475
73 152
73 328
73 384
73 495
74 302
77 153
77 170
77 202
77 352
77 451
78 197
79 307
80 130
80 306
80 396
81 97
81 376
82 151
82 261
83 143
83 275
84 300
84 326
84 444
85 254
85 316
85 395
86 90
86 244
87 116
87 142
87 192
87 242
87 487
87 492
89 216
89 287
89 313
89 324
89 370
89 448
89 466
89 470
90 161
90 244
90 441
90 445
92 311
93 104
93 300
94 203
94 368
96 234
96 417
97 376
98 134
98 173
98 260
99 140
99 346
103 468
104 201
104 411
105 247
105 432
105 483
105 496
106 319
108 159
108 163
111 271
111 488
112 243
112 327
112 427
112 497
113 212
113 404
115 282
116 142
116 487
117 246
117 248
119 137
119 154
119 156
119 348
119 426
120 342
120 462
121 235
123 250
125 133
125 381
127 486
128 219
128 256
128 482
129 475
130 306
130 452
131 330
132 139
132 362
133 294
134 147
135 472
137 156
137 241
138 257
140 372
140 382
140 494
141 419
143 275
143 369
144 277
144 291
144 439
145 385
146 399
146 420
147 157
147 436
147 474
148 387
148 402
148 422
148 447
150 263
152 384
155 165
155 301
156 348
156 426
157 436
157 474
158 310
158 428
159 163
159 353
160 171
160 215
161 400
162 193
162 412
163 353
165 301
166 320
168 262
169 278
169 340
169 357
169 491
170 184
172 365
173 260
173 325
174 188
174 297
174 335
178 224
178 341
180 416
183 245
183 321
183 343
185 410
187 350
187 485
188 297
188 335
188 389
188 438
189 332
190 264
190 375
190 421
191 363
191 374
192 492
193 284
195 305
195 356
196 407
196 484
198 265
199 403
199 406
199 460
200 205
203 368
206 208
207 481
213 373
214 238
214 303
216 313
216 370
217 331
219 237
220 230
220 249
221 446
222 288
223 236
227 274
231 471
232 344
232 449
233 433
236 457
240 464
243 327
245 321
245 343
246 305
247 262
247 496
249 292
250 398
250 467
254 316
255 296
255 347
258 463
258 498
260 325
264 375
265 397
265 450
268 431
269 270
271 408
272 338
272 358
274 312
277 439
278 380
287 333
291 295
293 366
296 347
297 389
297 425
300 444
305 356
306 452
308 397
310 401
313 324
313 470
318 434
329 418
332 476
338 364
352 451
370 466
389 425
389 438
390 405
397 450
398 453
403 430
414 480
423 461
423 469
427 497
432 483
447 489
