-0.175369760481288 0.467702929729935
-0.283057738256035 -0.494748951820403
-0.293997826043709 0.531918825055262
-0.387040067989189 -0.569530311669956
-0.336441881843886 -0.575237437634226
-0.321958930952955 -0.597188319659315
-0.397466976420883 -0.582239848694907
-0.0284138269060521 0.63235882554017
0.609100838984229 -0.231728169316225
-0.492829781537169 -0.598689479518428
-0.333055524910784 0.661991617974307
-0.293914193106498 0.654883720719286
-0.270743393434738 0.64262475542479
0.692981552022352 -0.272698259592514
-0.342309604088106 0.72845529966815
-0.283618840701591 0.695738363079281
-0.445277163263597 0.56999814271613
0.669235255105371 -0.287324782643591
0.198310144433562 0.683559045252404
-0.374974843549962 -0.701144604925371
-0.375360116882023 0.738850544140475
-0.428025258881713 -0.594920570377709
-0.387314348969556 -0.685206280386903
-0.057669678713716 0.762684278412773
-0.494510483827101 -0.684436238708321
0.623611087100557 0.413274847816247
-0.029774147086019 0.776729702186209
-0.399351428671505 -0.699913892463268
-0.500876430944179 -0.581100563571072
-0.392176467234662 -0.693052723845373
-0.721136453950891 0.239541654152961
0.481940983249727 0.624120831099989
-0.706077521957244 0.211690593631557
-0.0112831155595047 0.754257491557544
-0.615343950753724 0.461840383200202
0.600122011581939 0.484816761022554
-0.378315561874175 -0.681067609164988
-0.134050809551214 0.769212691854604
0.755243677604434 -0.283676783167004
-0.463815719679634 -0.734434282983395
-0.352012594219911 0.715595046254313
-0.394819084753169 0.746770657013569
-0.364061832391985 0.728389630447815
-0.163521785300668 0.75602453582775
-0.397843008246928 -0.692479023725995
-0.302992573403139 0.740117221559094
-0.38032157849117 0.754621555197991
-0.759747108235391 -0.0639533125911142
-0.789720803710557 0.0184572730387434
-0.788757209962656 -0.0632682146786518
-0.768730858041566 0.27088065556241
-0.0292620394711554 0.781915315230984
-0.324557771073542 0.748461309906497
-0.32288728592011 0.740325355850682
-0.341025677753226 0.755878342529508
-0.395587967958457 -0.7470962761165
-0.503944722851474 -0.679133126094316
-0.427457485971886 -0.711178154457896
-0.782972313081101 0.276190236425769
-0.400040703114488 -0.745442095589827
0.763341642217984 -0.289876860474086
-0.400752430595313 -0.712237729128165
-0.0308983999439696 0.830176729554087
-0.443168530043145 -0.703249924907871
-0.259741567946709 0.775606325663864
0.54482557453955 0.611000874984322
0.172177122791557 0.790021649125563
-0.415327506294953 -0.720598413788885
-0.817576900845583 0.155296474019107
-0.374003507385924 -0.728961892685852
-0.431194822448379 -0.685026813236231
-0.382217858437676 -0.703715789933993
-0.399940363096769 -0.730326407752941
-0.523035844616345 -0.648484897271191
-0.437334390800232 -0.693607476204065
-0.372919259014314 0.759721779640427
-0.0475304054148369 0.832226332047174
-0.0152124396794863 0.820482796838828
0.654732717555103 0.495784103401083
-0.303813892486208 0.722806089163174
-0.420509391628323 -0.72026590409839
0.782354278427392 -0.32356200962432
-0.289935342007274 0.730144865357569
0.810704567798574 -0.312306035025326
-0.424878136572824 -0.732645231686018
-0.411978953680489 -0.740323579345804
0.691166223442843 -0.309228620883598
0.808615360812064 -0.318080263482358
0.169345419175624 0.830444686950597
-0.366556810344799 0.749659529410957
0.683826341343853 0.479028282008487
-0.296649204583827 0.766493684960884
-0.292811991553804 0.746494816046791
-0.307315741691836 0.762948551979051
-0.0345444164046394 0.847129854341253
-0.74330888365938 0.275159525159874
-0.394920286943658 0.774162397005194
-0.427242683720152 -0.732657897979508
-0.210322951242076 0.8219400066559
-0.409671312509377 -0.727997592879962
0.289300581627377 0.748963194089678
-0.823053490099811 -0.0109837488997075
-0.024833394853101 0.83541029082259
-0.0161964627435201 0.848558593749831
-0.34303034549158 0.77661627480454
-0.315346247973859 0.760975168903203
-0.334041989805824 0.720179749412358
-0.234782774703574 0.768847896825704
0.694252737344486 0.523026660020367
-0.44348261500644 -0.694854933078526
-0.365313315549768 0.766702874268674
-0.208047651319369 0.809907916299437
-0.326607276334273 0.784280015892277
-0.424830857766804 -0.720730752841709
0.669756003515851 0.502048176465116
-0.338849041332928 0.752090860044096
-0.397749824740968 -0.751025177653983
0.738190901106095 -0.334137337861467
-0.428256634943839 -0.688857782053498
-0.420852327511814 -0.738646971859279
-0.408063505181141 -0.767646366891091
0.749770349935026 -0.345323996080079
-0.306669375193387 0.793182375801717
-0.466379565098769 -0.711434445371685
-0.374076217259622 0.764314410244968
-0.0511872024511603 0.849674237337155
0.789965333949557 -0.317764710414914
-0.40201849727617 -0.77099263606881
-0.444814966241614 -0.709541168426261
-0.027093691612423 0.851313762589539
-0.370812854870209 0.786636404617611
0.774907247047402 -0.318596358642959
-0.432265354734451 -0.71819208241764
-0.775165459802977 0.353600980974982
-0.307722623139085 0.780141609858852
0.810530386848004 -0.315576837505147
-0.392609045670218 0.741502519235758
-0.43304270408092 -0.73405147532092
-0.256187715668554 0.785304500599661
-0.54415995206924 -0.678738683667432
-0.495136815247106 -0.661885509607097
-0.383684201759376 0.761303421253545
-0.0405915399090557 0.86913483515069
0.573282323546677 0.654702969854777
-0.554089763539296 -0.671206002803983
-0.387337613847264 0.759737789183476
-0.412471589172576 -0.766578973526442
-0.33832800700596 0.783069708933539
-0.0241085191955054 0.852942855590279
0.7819685526634 -0.305187882293615
-0.416753490815726 -0.744872263440695
-0.452616954375015 -0.723932471951865
-0.437882112387101 -0.733224759122962
-0.370154246858053 0.788038042278392
0.284972842311793 0.822830126961366
-0.378829346574983 0.765678400133324
-0.243039850747334 0.819218767516802
-0.327830549053204 0.742821985579965
0.110627228701093 0.863863536376396
-0.53935870593214 -0.683980469427682
-0.420488538061897 -0.762996623240636
0.806733182243716 -0.329229798509737
-0.313174053351128 0.795310858689297
-0.411481787432504 -0.749457564521397
-0.807791120238423 0.229624967061625
-0.33946293131933 0.738461355977421
-0.470833354004538 -0.733322404026437
-0.0172295510766465 0.871425805045655
-0.825725488575932 -0.0483195333878755
-0.412978595851191 0.731666343994874
-0.333214054290216 0.805531549973669
0.815057654422343 -0.309556946927245
-0.414752741618111 0.767043259568919
-0.47517929189029 -0.69333812319481
-0.307676746830347 0.782603172348435
-0.33213006012383 0.788097126176447
-0.384071972096601 0.764393075573302
-0.38410639994937 0.782986023228915
-0.503372511508468 -0.712354917226222
0.803951407186736 -0.338707935690996
0.695480560319626 0.49851030242266
-0.314606364320615 0.796004625667096
-0.361376046169176 0.794162926149729
-0.81528302572876 0.311169435693469
-0.371643269225376 0.771280599597676
-0.400017633586 -0.757210356617025
-0.515905050514341 -0.683820143829241
0.780775821130202 -0.352903347017289
-0.422486850119005 -0.745679195501396
-0.567601177154618 -0.642448274987415
-0.348194811312633 0.800310940830697
-0.386315582928359 0.782764891633663
-0.182333634348512 0.837878856575965
-0.406701672972695 0.772513247141464
-0.411212126400664 0.770265481447394
-0.511065377312739 -0.708122068934385
-0.442031906005819 -0.753293998893287
-0.0782214284032608 0.870025201849602
0.797926983553046 -0.314598336950122
-0.346018557487244 0.802216315750284
-0.348186317910694 0.784089509790849
-0.504927978927718 -0.713122742326726
-0.339199136369973 0.788252478727333
-0.368867365292118 0.792242809192073
0.189964085655156 0.837064585992693
0.763002215793352 -0.354363489305212
-0.359323364687328 0.796751569638807
-0.575949783581483 0.636716813631767
0.796693213464787 -0.320572792310028
-0.0273106875676866 0.841193695549434
-0.384097111497574 0.785244772503309
-0.0559897083070257 0.825780960081627
-0.400500425447101 0.77714349872074
-0.817075616252886 0.265014253755248
0.81604496707957 -0.314062027272273
0.684554603642819 0.519216578314815
-0.405691917011546 0.774718807200982
-0.309250452632576 0.801821929932942
-0.859595860545951 -0.000519292918459824
-0.316464320015252 0.815374392064479
-0.358818530971107 0.781347131639986
-0.340601844999819 0.805719830677573
-0.544182985305011 -0.685030684849455
-0.292943732315741 0.758961335613809
-0.50385044219161 -0.71536291412836
-0.147705017073948 0.828937018711311
-0.794264148220041 0.280521619370635
-0.375507199170294 0.773689159672218
-0.0192212482920425 0.8748978408128
-0.281977101506088 0.812670742963601
-0.37163574312269 0.792406464923806
-0.452340473585445 -0.731898182785026
-0.436672889084464 0.758645167794629
-0.849299402982482 0.2124145319714
-0.517784131317701 -0.706067879904985
-0.436807314334163 -0.75896879019341
-0.40986479190964 -0.773980786650373
-0.433072855853792 0.761369568480437
-0.37188825161497 0.776096528688414
-0.0329392516234839 0.86016241018616
-0.571756389817303 -0.643734827127155
-0.460267105074527 -0.745378689156032
-0.379700936286436 0.789595498283259
-0.40711942501181 0.775941659685234
-0.603214923126005 -0.61462595687611
-0.018848668995706 0.861167439113728
-0.39873136163434 0.780411433934556
-0.864627093339309 -0.143683353121337
-0.679378253105017 -0.498579679323866
-0.0376261869835215 0.860742790407221
-0.0146127095066254 0.876474069645521
-0.41468922766724 -0.772429792252329
-0.875404143303071 0.0497629242379427
0.67584114836169 0.534658608734765
-0.419731729043638 -0.769952646064606
-0.029304257039605 0.861445022960886
-0.701682434281008 -0.500910380464213
0.784759838860643 -0.357411031680713
-0.648518433511701 -0.568624425781377
-0.425207331141814 -0.750617034668946
-0.331722407281849 0.811883185046105
0.797337102967639 -0.329842611932007
0.812937586018584 -0.329420749142968
-0.302095177856553 0.823598671621294
-0.330216205295859 0.797379060720925
-0.350836815733333 0.804164009944262
-0.442653561816552 -0.757636622518376
-0.412084375308091 -0.774809877107096
0.795777002194371 -0.370230395455556
-0.848473501424977 -0.158935389371477
0.822379045662077 -0.306938516423626
-0.774123468088007 0.414050278907517
-0.471044006561913 -0.740950619904068
-0.424852418211912 -0.768489086030184
-0.442833876668862 -0.758391235545727
0.291755516235278 0.812623060868834
-0.378416289435054 0.77626450361539
0.699821230758743 0.506302130441661
-0.347638652489736 0.806591480996446
-0.392888161095717 0.769438000319321
-0.829236085605869 0.243035027210584
-0.405153772522576 -0.779407148127409
-0.313566200422103 0.820660250924048
0.822120901201178 -0.31000880840861
-0.424645139186988 -0.769314809767688
-0.356405877379237 0.787384386141574
-0.877817197528689 0.0422561458706679
-0.556416785095778 -0.68038822273645
-0.428284328510617 -0.767644959683508
0.696165362766413 0.53687786310364
-0.4418927595381 -0.76012628697721
-0.84278241132987 0.250909255586636
-0.878928011217369 -0.0299833408952444
-0.164829446238547 0.848604529838897
-0.0291865133138521 0.879054458922998
-0.445763487643481 -0.758325786811278
-0.0259354017198918 0.864247131036449
-0.326630755137046 0.800751990999279
-0.354777268686217 0.80502796118793
0.676141008119791 0.539461497516531
-0.478786722229606 -0.720583754413036
-0.365957432345165 0.784119559184008
-0.472488971975343 -0.725128620980365
-0.249092862033298 0.84383817950131
-0.358166328805717 0.80374098213722
0.806457668368581 -0.352250815670202
-0.018288204615607 0.879938316338633
-0.392786744613349 0.787727831065093
-0.712952950888938 -0.516395868249443
0.716236581951348 0.511997248834887
0.251502842832943 0.828306144958548
-0.41932529478169 -0.77425520821199
-0.529961896529316 -0.703287575338009
-0.490518506010118 -0.731458959015937
-0.414176505084308 -0.777345110663793
-0.391591398349181 0.772196044292196
-0.312174223401161 0.823724006253999
-0.303605287005365 0.77055310946085
-0.48376058587537 0.73628491108523
-0.341218463844681 0.795917542634941
-0.334114123670884 0.799102734274005
-0.439394383517072 -0.763699908028549
-0.334622017872177 0.815167277526891
-0.473117036504789 -0.74350109784595
-0.333445361241427 0.815850017585388
-0.362131080785048 0.803629897043589
-0.315595967002513 0.823116890183462
-0.333974942388889 0.815931796304421
-0.35352116772851 0.807754855060611
-0.318480534701217 0.805635573427133
0.820731597543377 -0.322498632991585
-0.34010164822002 0.813693207248465
-0.35505137813418 0.807380810872363
-0.408871185489044 0.781606387731725
-0.0303407889698108 0.865931595707524
-0.330253517076071 0.801229522976068
-0.33335640367158 0.816771748149335
-0.863096330137401 -0.182934823161699
0.786188899205035 -0.364992718020575
-0.419703713418335 -0.77614851705205
-0.0551753497272561 0.880721393771511
0.80302794949335 -0.366083099211388
0.800159175693681 -0.372520759173758
-0.0418130348455119 0.881721761011052
-0.419870126377222 0.758483216607929
-0.34818207079224 0.811237009627263
0.8039007676646 -0.365012220169142
-0.719166193020681 0.439908197517773
-0.841131940870595 0.268590822046743
-0.424831983745814 -0.774154279514465
-0.168327197109475 0.826415246892706
-0.455214899245118 -0.756788634652134
0.812745944364279 -0.34575387494468
-0.163179745281931 0.85160651105527
-0.345476471520845 0.812957123010181
-0.313404642601109 0.825943017035584
-0.347490402453345 0.812284013650791
-0.319314378247445 0.823858780838769
-0.373831527542144 0.800690028813385
-0.365847464791346 0.804462084242825
-0.551679158889953 -0.690508732192777
-0.415913949569633 -0.761018375896842
-0.392521341861672 0.791976834017771
-0.497369662527753 -0.730801855282115
0.823660692484271 -0.321213543341858
-0.179220766354494 0.865806941994063
-0.138308322169084 0.873360604261539
-0.36925924218596 0.803542949114709
0.737909168781659 0.487513047137189
-0.505106424394776 -0.705174826506012
-0.833223080113425 0.296754105293457
-0.365264582814351 0.805636276163728
-0.0457650645257248 0.883468985365917
0.821607368940495 -0.32820211320063
-0.437812116511073 -0.768907535344404
-0.342183134303332 0.797235195838839
-0.198614086896061 0.862318497265598
-0.0290880260902269 0.884497983055228
0.2331851663031 0.810858926616681
-0.832949728883545 0.299197503566954
-0.383519842485816 0.797733090885031
-0.885205470150417 0.00418856579601422
-0.556996093829004 0.688114739509394
-0.375348999205247 0.801872502058865
0.82343056431605 -0.325557812304071
-0.307174069418357 0.830547316355796
-0.433203749557616 -0.772423332915128
-0.148874215667794 0.873085261822882
-0.462060251063476 -0.75569796765526
-0.454419759543246 0.760407154519845
-0.441852455213085 -0.767866922323962
0.828443021460007 -0.31412065938987
-0.437693441693252 0.770422020430928
-0.0122060952358676 0.886065599218018
-0.0489470458695529 0.842637209876094
-0.656879046220299 0.594900276183921
-0.0176950312926669 0.88612531949488
-0.821543328082026 0.279298429413457
-0.0279249183305585 0.885937787936419
-0.365139748805441 0.807757694825518
-0.321448045246353 0.826198672256107
-0.505512575990999 -0.728370296773361
-0.163583525695771 0.871458230565819
-0.408741385016988 0.786931931955378
0.568054531300605 0.681012047525927
-0.0281070019794445 0.886456393853025
-0.419704607527352 0.781392460255128
-0.338745179030246 0.819822324318656
-0.324429604821164 0.825671115563602
-0.874634420802931 -0.148768363228269
-0.387709822459738 0.798077781008837
-0.438452340203548 -0.771450498742741
-0.488112520296496 -0.741114965770205
-0.350180579231002 0.794091307401921
0.816394899446664 -0.348041830921268
-0.329763931973127 0.824025270635515
-0.308847999283122 0.832167404397953
-0.335007449557097 0.822062706232607
0.809675961453987 -0.364100209760725
-0.342064541718706 0.819306200401284
0.707305047858367 0.536765015298498
0.282724753746567 0.841777747257808
-0.549467978645367 -0.697662950417971
-0.820229489159043 -0.340584011211938
-0.0476316362588199 0.886921634722691
-0.0262446831044474 0.887882028412136
-0.324643887634503 0.826894064669443
-0.487345656354853 -0.7428091790842
-0.489892941284014 -0.741214975323422
-0.0478257462292478 0.866709372376684
-0.39525237319363 0.79579734607211
0.826508398352389 -0.326380908472737
-0.325355587008822 0.826986580066677
0.201786436227991 0.865544560007313
0.829474778915993 -0.319340713995329
-0.424387950806403 -0.781039805858995
0.825693025183098 -0.32936364860996
-0.460009210886019 -0.76076385906944
-0.436670420603942 0.774473674234951
-0.328864703032857 0.826110530416024
-0.483642786188802 -0.746203725224409
-0.450791522932352 0.766574693831013
-0.0403186957949372 0.888449913251378
-0.329554294220988 0.826124430457067
0.210559451954271 0.864216849359676
-0.465865835944746 -0.757821340646333
0.833638532302295 -0.310626390095763
-0.504891836257163 -0.732559667702999
0.732173149411101 0.505568067803562
-0.365114171844509 0.811470933761176
-0.401482431578954 0.76977133599578
-0.413826647793767 -0.78781816997034
0.569466521601842 0.683910856630735
-0.450634908783028 -0.767509128526073
-0.438585740383208 -0.77453226286733
-0.286425371243716 0.84281283257883
-0.462997129249053 -0.760343081549619
-0.552201114915761 -0.698338417927338
-0.416118692787927 -0.787122748222562
-0.336134420613245 0.800632218998684
-0.736722873842003 0.500070456968047
-0.319506845997736 0.83118000253997
-0.385018977415683 0.803006024374549
-0.422737468116121 0.783877853953343
-0.0528574823903992 0.889095279133279
-0.327762448660871 0.828232263719006
-0.394360103271539 0.798742322026104
-0.0392975455232774 0.889987011710753
-0.440645991888173 -0.774315172765499
-0.889472072248318 0.0518046198287113
-0.526546866166914 -0.718821121137876
-0.440667479034635 -0.774518181043263
0.328285714097943 0.828495791990488
-0.374866048553595 0.808555808945225
-0.446756971431795 0.771236175872107
-0.881608289229652 -0.13142888943388
0.265308548640431 0.85101558165311
-0.508327122061594 -0.732344742257594
-0.850783755535487 0.266460402745354
0.828001674850846 -0.330690119377986
-0.0190291509218634 0.891453267595189
-0.42338934444185 0.784793306565273
-0.857513897269836 0.244819828092329
0.265543515930822 0.851387669011898
-0.0322513459637356 0.891314417933376
-0.343924351192687 0.797480551703474
-0.4944309603621 -0.742378957340545
-0.435925179400067 -0.778244441537977
-0.765180057005735 0.458585944358377
-0.436802965270289 -0.777888749853289
-0.34893072366146 0.82113395554216
0.19643398407263 0.870363679628705
-0.35883243843997 0.816984630264602
-0.743080324804944 0.494126841072686
-0.450026423686332 -0.770656059283087
-0.127092968303803 0.883394873295423
-0.464168841009226 -0.762358665891498
-0.882157055316085 -0.136185335568725
-0.345137112341147 0.823244618511925
-0.842155708837921 0.29619022382758
