1 2
1 3
1 4
1 5
1 6
1 7
1 8
1 9
1 10
1 13
1 14
1 16
1 17
1 19
1 20
1 27
1 28
1 33
1 35
1 44
1 45
1 46
1 48
1 50
1 54
1 55
1 56
1 58
1 66
1 67
1 69
1 70
1 76
1 77
1 87
1 89
1 93
1 95
1 101
1 104
1 110
1 113
1 116
1 117
1 118
1 123
1 128
1 132
1 134
1 135
1 137
1 142
1 148
1 156
1 157
1 160
1 165
1 169
1 170
1 171
1 180
1 182
1 186
1 194
1 199
1 200
1 210
1 212
1 215
1 219
1 221
1 223
1 224
1 231
1 238
1 241
1 242
1 248
1 252
1 255
1 257
1 260
1 265
1 267
1 270
1 280
1 282
1 287
1 296
1 308
1 310
1 326
1 327
1 329
1 335
1 353
1 356
1 362
1 375
1 377
1 379
1 383
1 396
1 397
1 402
1 403
1 405
1 407
1 408
1 412
1 416
1 417
1 425
1 434
1 441
1 444
1 449
1 458
1 462
1 464
1 465
1 474
1 479
1 480
1 486
1 489
1 497
2 3
2 4
2 5
2 8
2 9
2 11
2 15
2 23
2 25
2 31
2 34
2 40
2 42
2 43
2 49
2 57
2 63
2 70
2 88
2 126
2 129
2 139
2 149
2 150
2 152
2 154
2 160
2 175
2 176
2 181
2 192
2 206
2 209
2 216
2 220
2 226
2 229
2 237
2 239
2 251
2 271
2 275
2 282
2 283
2 325
2 340
2 342
2 347
2 360
2 367
2 370
2 386
2 420
2 422
2 427
2 438
2 447
2 470
2 490
3 6
3 7
3 13
3 14
3 16
3 18
3 19
3 22
3 26
3 27
3 33
3 50
3 59
3 64
3 91
3 100
3 101
3 159
3 196
3 198
3 201
3 211
3 214
3 247
3 269
3 274
3 285
3 287
3 296
3 303
3 313
3 322
3 355
3 369
3 379
3 418
3 437
3 466
3 469
3 493
3 496
4 11
4 12
4 23
4 25
4 30
4 34
4 42
4 57
4 80
4 84
4 97
4 103
4 108
4 125
4 127
4 149
4 150
4 154
4 158
4 191
4 208
4 225
4 233
4 240
4 277
4 302
4 324
4 334
4 337
5 15
5 21
5 31
5 38
5 40
5 43
5 49
5 51
5 52
5 53
5 60
5 61
5 81
5 85
5 94
5 106
5 122
5 124
5 129
5 152
5 167
5 176
5 187
5 190
5 253
5 256
5 286
5 289
5 291
5 295
5 300
5 305
5 315
5 317
5 323
5 332
5 338
5 339
5 386
5 436
5 498
6 44
6 45
6 48
6 54
6 56
6 116
6 132
6 144
6 169
6 180
6 182
6 207
6 210
6 222
6 235
6 238
6 241
6 260
6 264
6 327
6 348
6 362
6 397
6 405
6 417
6 467
6 479
6 491
7 22
7 26
7 65
7 66
7 68
7 74
7 79
7 82
7 83
7 114
7 128
7 141
7 151
7 155
7 164
7 174
7 177
7 183
7 194
7 213
7 288
7 294
7 304
7 308
7 310
7 328
7 363
7 373
7 395
7 409
7 444
7 446
7 476
7 494
8 20
8 28
8 39
8 58
8 67
8 104
8 109
8 117
8 123
8 137
8 148
8 153
8 157
8 172
8 193
8 212
8 217
8 245
8 258
8 279
8 298
8 365
8 387
8 389
8 441
8 481
8 484
9 10
9 17
9 24
9 29
9 71
9 111
9 112
9 204
9 243
9 261
9 263
9 266
9 297
9 359
9 366
9 380
9 390
9 421
9 454
9 473
9 478
9 483
9 487
10 21
10 37
10 71
10 112
10 259
10 268
10 354
10 382
10 390
10 406
10 435
11 12
11 75
11 86
11 97
11 108
11 125
11 158
11 292
11 337
11 352
11 410
12 30
12 41
12 75
12 86
12 102
12 143
12 146
12 184
12 230
12 292
12 352
12 364
12 394
12 419
13 59
13 91
13 159
13 214
13 303
13 313
13 355
13 469
14 55
14 69
14 77
14 113
14 131
14 156
14 171
14 185
14 407
14 449
14 489
15 63
15 126
15 175
15 181
15 192
15 209
15 220
15 239
15 321
15 370
15 438
15 447
15 450
16 18
16 32
16 46
16 73
16 345
16 349
16 353
16 391
16 465
17 24
17 29
17 36
17 62
17 72
17 115
17 119
17 297
17 306
17 361
17 378
17 393
17 453
17 474
17 487
17 488
18 32
18 73
18 145
18 276
18 345
18 349
18 384
18 391
18 432
18 451
19 35
19 90
19 96
19 133
19 161
19 163
19 170
19 227
19 249
19 281
19 309
19 330
19 350
19 383
19 400
19 468
19 497
20 76
20 78
20 93
20 95
20 99
20 178
20 205
20 290
20 312
20 319
20 346
20 372
20 388
20 423
20 442
20 457
20 485
20 495
21 37
21 38
21 140
21 147
21 228
21 259
21 268
21 284
21 318
21 341
21 354
21 382
21 404
21 433
21 435
21 456
22 65
22 68
22 74
22 79
22 177
22 294
22 395
22 461
23 80
23 103
23 232
23 324
23 430
23 445
24 111
24 204
24 243
24 366
24 421
24 454
24 473
25 206
25 226
25 229
25 251
25 340
25 342
25 347
25 427
26 83
26 466
26 493
26 494
27 64
27 107
27 136
27 218
27 254
27 285
27 344
27 437
28 39
28 47
28 78
28 92
28 179
28 203
28 331
28 357
28 385
28 452
29 36
29 62
29 115
29 119
29 306
30 41
30 102
30 138
30 143
30 162
30 333
30 381
30 431
30 460
31 53
31 105
31 190
31 289
31 323
31 332
31 459
31 498
32 199
32 276
32 451
32 475
32 480
33 198
33 201
33 269
34 88
34 120
34 121
34 166
34 168
34 250
34 443
34 492
35 90
35 96
35 133
35 161
35 249
36 72
36 453
37 140
37 228
37 284
37 318
38 122
38 195
38 311
38 341
38 463
39 47
39 203
39 217
39 452
40 52
40 85
40 106
40 338
41 120
41 138
41 307
41 358
41 431
42 84
42 225
42 277
42 334
43 51
43 60
43 81
43 98
43 317
44 144
44 467
45 87
45 89
45 130
45 351
45 426
46 224
46 272
47 92
47 234
47 246
47 278
47 331
47 385
47 472
48 222
49 61
49 187
49 411
50 100
50 196
50 247
50 274
50 322
50 399
51 167
51 315
52 300
53 94
53 105
53 189
53 202
55 131
55 231
55 403
57 208
57 367
57 470
58 109
58 193
58 197
59 211
59 496
61 124
61 305
63 325
63 420
63 490
64 107
64 136
64 188
65 174
66 82
66 262
66 373
66 398
67 387
67 396
67 412
67 439
67 482
68 114
68 164
68 363
69 329
69 377
70 110
70 165
70 173
70 270
70 299
70 316
70 392
71 261
71 266
71 374
71 380
73 145
73 384
73 432
74 151
74 304
75 146
76 223
76 326
76 413
77 134
77 428
77 434
77 486
78 178
78 179
78 293
78 301
78 319
78 500
79 183
79 213
79 446
80 232
80 343
80 445
81 98
82 262
82 398
83 155
83 424
84 127
85 256
86 230
86 364
86 419
87 130
87 426
88 121
88 250
88 443
88 448
89 118
89 200
89 236
90 281
90 368
91 418
92 234
92 246
93 99
93 346
93 388
94 189
94 286
94 291
95 312
95 372
95 442
95 495
99 290
99 457
99 485
101 142
101 219
101 375
102 162
102 333
102 429
103 240
104 135
104 221
104 415
105 202
106 253
107 218
108 233
109 172
110 166
110 173
110 376
111 483
112 406
114 141
114 409
115 378
115 393
116 264
117 258
118 252
119 361
120 168
120 455
120 492
121 448
122 195
122 371
123 245
123 389
124 295
124 339
126 139
126 244
126 320
126 336
128 416
128 462
128 464
128 499
133 330
134 428
135 415
136 188
137 153
137 484
138 381
139 244
139 320
139 336
140 147
140 477
143 184
143 394
144 348
147 477
148 279
148 471
149 360
150 237
150 422
151 288
151 440
152 216
154 283
155 424
156 248
156 280
157 298
158 191
160 242
161 163
161 227
162 429
163 309
164 328
164 401
166 376
168 307
168 455
169 257
169 273
170 186
171 185
173 316
175 321
177 461
178 205
178 301
179 293
179 357
180 207
187 411
192 275
193 197
193 414
194 215
194 314
195 311
195 371
197 414
199 475
200 236
204 263
205 423
206 271
207 235
210 267
212 365
214 369
215 314
217 471
218 254
219 255
223 413
223 458
224 272
228 404
228 456
232 343
233 302
234 472
235 491
236 351
241 356
241 402
246 278
249 350
249 400
257 265
257 273
258 481
261 374
263 359
270 299
270 392
281 368
285 344
287 425
288 440
291 436
307 358
309 468
319 500
322 399
324 430
328 401
329 335
332 459
341 463
352 410
362 408
381 460
387 439
387 482
390 478
404 433
444 476
447 450
464 499
474 488
