0.0960550015532018 0.499589862060077
-0.530489161381664 -0.227128715327069
-0.458480092895047 -0.407927041769096
-0.480150787228741 -0.42037543781428
0.554495902650215 -0.351119994775488
0.0391793501935838 0.681178746656778
-0.680780714541809 -0.16570825567024
0.0612741010576927 0.667796407253633
-0.626961087826635 -0.405694731939457
0.0615389159098162 0.705409433833033
-0.367717235197653 0.612820404664735
-0.525957915596376 -0.492555797746961
-0.735902810018263 -0.205493261253358
-0.652296056403104 -0.329508943784137
-0.14163898944516 0.736606808481102
0.0993249767558359 0.746646516260635
0.0552815935408178 0.754140243744022
-0.581659062006279 -0.554443338736395
-0.775956739468294 -0.286953901013976
0.0421407605576501 0.765263838063737
0.122160930063065 0.75890971020536
0.128419757687766 0.760058929730153
-0.0582111270242124 0.770694064554464
-0.185487339537069 0.666851001311322
-0.715209562762286 -0.323975665018395
0.620129626003026 -0.377373985513437
0.680141310339074 -0.279328798162925
0.674570496957178 -0.388735164870958
-0.622314099314458 -0.43441081211845
-0.818246525441753 -0.214224498921626
-0.72859961304107 -0.430211692015536
0.658871356412479 -0.381927735742388
-0.0761687267790129 0.800942368282781
-0.147917948701101 0.72444214323224
0.668180505661094 -0.428016143521008
0.63234402601414 -0.390518536945173
-0.582279093254076 -0.540918497984651
-0.806460555146128 -0.257052747588394
-0.790499665038744 0.0931504054285337
0.0656643543552438 0.84418808387218
-0.774829569445196 0.0068210294382043
0.656280180963337 -0.433763810268927
-0.751992157904331 -0.288718312185107
0.687500315407434 -0.461160561727631
0.769980454151474 -0.126528668436427
-0.587802245718442 -0.538450574437393
0.0623180734078155 0.804035406525397
-0.821183800391003 -0.207674016923004
-0.598488779921489 -0.541886443503898
0.0742310279678052 0.794830367540881
-0.762729087493677 -0.369076095712748
0.0535662955759766 0.806475160985537
0.677327621103395 -0.442617634398332
0.0566451392800378 0.826425579192743
0.728073978919324 -0.472734376089244
0.656806038595784 -0.43560950714886
-0.593031456659628 -0.551705721567324
-0.589970625853788 -0.539424536918481
-0.169734135093364 0.771080270182826
0.74466604378803 -0.238694457866151
-0.635644712611791 -0.591421596038259
-0.48964927032916 0.611783866249081
0.76063065470145 -0.280821880504403
0.121960139067791 0.802417008025151
-0.0294255845343454 0.791682860109684
-0.773649399265343 -0.346318480772268
0.0676365829442189 0.826113484594754
0.142746930110169 0.799794988293208
0.0995281313546549 0.80710540241897
0.101078905669786 0.841870316906696
0.569646105924767 0.528055061900781
-0.636002730711563 -0.532332068089007
-0.610605905415992 -0.562018456409437
-0.60805420026272 -0.56550048627322
0.0921816107107639 0.808751856662268
0.111377098379555 0.823359879743918
0.132052286293811 0.803970049126292
-0.821538036033215 -0.281339409312848
-0.6243406841013 -0.574151271477136
-0.781900620603282 0.231609762855822
0.0861733133573419 0.844102660262079
0.0931075682280234 0.810880260412203
-0.818233995103321 -0.225628626405486
0.697692767902112 -0.452046781192329
-0.821673337956097 -0.213878430870941
-0.617132368982154 -0.55772217134151
0.711809391873583 -0.463346871177826
0.0569432427944489 0.86665200453341
-0.134107856129361 0.779453409343797
0.107028300114376 0.793299064890032
-0.615765202657796 -0.559923633380462
-0.630530674332376 -0.5694399933829
-0.604814555291715 -0.572403451878859
-0.608922194514081 -0.568696456396566
-0.80276617423959 0.279036376378299
0.106841321757023 0.826760563479405
0.686828694652757 -0.442295337553781
0.0772839813388785 0.813958565985328
-0.775274717424038 -0.348861122233507
-0.621955253301187 -0.579985326382194
0.0837064702000227 0.846556052986452
0.0634475212197854 0.831660733448822
0.0788308962870265 0.865080500531304
0.705069123243089 -0.44642001583943
-0.645383768014921 -0.581642046011219
-0.641763948675304 -0.585845167907452
-0.297423309108689 0.797278009796128
0.0784667615052337 0.797692542716711
0.0706443099623481 0.799456876918553
-0.162538915310085 0.818971184366498
0.710800159874317 -0.468317499116342
0.135762093307146 0.840576304529042
0.0940950028656217 0.812877736918783
-0.644177508099269 -0.583401644298783
-0.730243576743022 -0.40569431080143
-0.0652249333493447 0.816378173133401
0.0797363769890508 0.847985954605784
0.696010113353746 -0.462726669785415
-0.596335684737266 -0.562313338760588
0.117984042722471 0.843772814031141
-0.643262870848861 -0.58461988472753
0.141801648539534 0.840354920858591
0.720216462474204 -0.456092401251296
-0.766185089868241 -0.374322112798888
0.144910698325805 0.857212107612147
-0.61497602560051 -0.591085822501573
0.727206746287865 -0.476681268136506
-0.276435039188857 0.789192009411994
0.437572863776835 0.751549370406954
-0.623423668085344 -0.606531120937003
-0.171605399405169 0.818827359035608
0.137905080988115 0.858928805122925
0.0673618733050345 0.817521747810388
-0.175057872821288 0.802049603869339
-0.846237593588037 -0.108986187214129
-0.199894227171 0.812802195600659
0.049767751958061 0.820051471706648
0.0783819056195855 0.849863068017825
-0.627119422896905 -0.603105302670806
-0.626370870018403 -0.580070900781919
0.0524391644659406 0.835778689293795
-0.622302907967227 -0.560961871915776
-0.773114039603592 -0.362665212553101
-0.22027908739354 0.808747259818088
-0.794814918718592 -0.354289634195086
0.131809276004524 0.860298900454343
-0.137225788193337 0.81064558700334
0.146564001923915 0.858045296169527
0.110098929409478 0.847062689052173
-0.655651979451049 -0.547868630660627
0.125750499653332 0.82911426854648
0.136861061120904 0.82774046686043
-0.780187186658226 -0.348922788832847
0.70908283933385 -0.449134044065373
0.0111062575021166 0.822711231285819
-0.65427083751262 0.550241307952805
-0.610126422808371 -0.576969183417586
-0.713167717368147 -0.471827724498341
-0.155778126918249 0.856556854855327
-0.191352317500386 0.833669475517552
-0.794135501965407 -0.318366762184102
0.808131264885302 -0.229548915834977
0.726282406005401 -0.480315479883239
-0.828726643481848 -0.213555713397929
-0.791018597991779 -0.364294102752427
0.0744918159172497 0.86781450538287
0.0642525176491786 0.868764645309031
0.718292611818737 -0.465652411776052
0.12089238268611 0.847668163483966
0.0738352697855784 0.853277092438416
-0.614863507332311 -0.572997665862135
0.710563864194623 -0.449544931135209
-0.795440700672818 -0.355503533441712
0.107504836944599 0.864741922393203
-0.597750523762028 -0.566264792633426
-0.200908802838466 0.832792658362384
0.107537450215387 0.850126790509486
-0.644255370580079 -0.586938716233183
-0.628310097537257 -0.60416353021354
-0.0649579066349606 0.854651776827193
-0.837864633310675 -0.240819599757465
0.809865516743524 -0.28130733085749
0.736895568516384 -0.466067794746318
-0.632931187850524 -0.599878658022357
0.105395581439914 0.865776574728922
-0.716706759994096 -0.440369123521083
-0.21482821697332 0.845426609957471
0.138040558118567 0.846359876304957
0.0807078589018215 0.868678635481325
-0.638635109387594 -0.594541466113878
0.115321480164587 0.849966455552532
0.150766811627504 0.859546842883808
0.0502545079142691 0.87134491953504
0.730575275211038 -0.449845659999695
0.730736069215429 -0.449981173812281
0.080798281434656 0.869168704418684
-0.66874722988083 -0.538135595019114
0.125424012366289 0.832140659104781
-0.0694903312739273 0.855766336589485
0.149871746702154 0.860078611453488
0.141082585837913 0.829984706429907
-0.640117901903032 -0.593851026478172
-0.170284071066284 0.824842979117821
-0.649867460266961 -0.583347688462187
-0.793175347963215 -0.329222742498391
0.0389561567687721 0.841678605164598
0.0257517323727238 0.823570048530205
-0.67768079527752 -0.55098304895374
-0.846290095918419 -0.216418732714096
-0.719861309538445 -0.468681077696528
0.150818792745802 0.860527269770334
-0.180511334120787 0.840013777902455
-0.808410471370367 -0.29158699796703
0.109744322378268 0.866843849434735
-0.844882584505361 -0.223255852952545
0.143045393670957 0.8622149142373
-0.637788170394714 -0.576296338906464
0.144468536762515 0.847560390544795
0.143277860399804 0.847960852649875
0.156525789230083 0.859989602505229
-0.0678035108619973 0.871602051795043
-0.17771220604491 0.856101607666171
-0.797583971520686 -0.358545211082589
-0.637118348287269 -0.57791054116378
-0.660311235587287 -0.573486128164192
-0.704967280245316 -0.493207485315421
0.710776043832135 -0.45311144852678
0.143940758257569 0.811890641624509
0.119176336061664 0.866542451026017
-0.648710126474382 -0.586919664664407
0.0484840059330852 0.859192526692505
0.13922440713254 0.86378003295097
0.688861612600948 -0.454197449454073
0.0582830379659819 0.873098787141107
-0.65759378808715 0.555392508143855
-0.216166563182608 0.833359661131887
-0.6478827321356 -0.588340517008576
-0.875173099161666 -0.0128846971955891
0.121052979684296 0.834520953887425
0.815578723331807 -0.276353948507936
0.798837528089732 -0.322056839241026
0.0276309659064372 0.825220309129127
-0.296252657738329 0.808959967265903
0.11630259766253 0.867619863581724
0.0789116391357539 0.871928447089323
0.711443608255748 -0.453307820964468
0.068232149575722 0.872940761980914
0.110531636654355 0.836647028415179
-0.696234319530727 -0.531162037224678
-0.0734488900964653 0.872739332250112
-0.645543403438355 -0.592059922978874
-0.179143277076681 0.857531748322956
0.0483463382088581 0.874818063245882
0.0957509715921851 0.838795211549037
0.745445526703379 -0.460592235933978
0.818636526707617 -0.207665130028211
0.0723924664893889 0.873374510832242
0.0510819086906947 0.874987456615614
0.0908884948179736 0.856877498852842
-0.855571727286558 0.103984360539425
0.734021110371188 -0.452042896758349
-0.817015436091999 -0.31762578537295
0.133841457101895 0.866414467980913
0.0665978575144211 0.874264692325664
0.088924595794941 0.872383038956168
-0.631301063625764 -0.587282627273559
0.748616207385679 -0.456857216039113
-0.875252665024346 0.057111983808806
0.0734614838898137 0.874137265824369
-0.67423328055476 -0.537737548113288
-0.801343386689458 -0.357133241105354
-0.634993479079766 -0.583818364725358
0.512786409418235 0.647854134166038
0.0595313057849406 0.875404771259003
0.077018836386302 0.859322569688819
-0.862544241535369 -0.161481668849394
-0.0668754948859779 0.875081294874872
-0.641178204389769 -0.599424828031894
-0.643239097625726 -0.597362867519246
-0.336964014483501 0.810698967611203
-0.176457452797655 0.860126897131871
0.730809916600503 -0.458899562256229
0.729215282808579 -0.461757490207506
-0.558826686306073 0.677381367926177
0.582752183405837 0.611743587660007
0.139633232037406 0.867070897729596
0.73717340229093 -0.477556997753036
-0.277471545409943 0.833468727013373
0.143668079660021 0.86671487088482
0.718855343967007 -0.478040889001617
-0.653689203007785 -0.587111201405133
-0.792598394550835 -0.379434083959213
-0.857065237382109 0.104950970299067
-0.738774787004081 -0.475990451079173
0.73920209007666 -0.475507497599477
0.0838888692787392 0.875020654317201
0.0655184217700097 0.876684988452771
0.117224394930842 0.871376950466112
-0.240269108918168 0.829544436956146
0.116896380951253 0.871518259234431
0.731723395529224 -0.459075221182927
0.833813447412657 -0.226315236507038
0.851923663364951 -0.218182911745073
0.73904925932718 -0.476814595334877
0.735429851918688 -0.482552112838032
-0.6451919969907 -0.598003286118545
0.135416266862986 0.853474349511179
-0.201121652336338 0.856502863078856
-0.720431317247126 -0.477520322712194
-0.0982406344262703 0.87439217821878
-0.850582222488868 -0.2255837319813
-0.73156976540311 -0.489232518362899
0.144218382006875 0.868278693562792
0.118241944283437 0.87228959752448
0.620614537288282 0.624396334351415
-0.850916991347577 -0.226132195178831
0.743913071252419 -0.471116306555113
0.749120833537528 -0.462964766192237
0.151305088223967 0.867632276974425
0.0509190396359855 0.879344236500599
-0.796244529540199 -0.376819800433647
-0.770666495598209 -0.391675061426829
0.0881325612961251 0.876578625573904
0.149238271957709 0.868356921779827
0.063447137026025 0.878890259264928
0.71529082228589 -0.485780677093872
0.729152504901658 -0.494941944098817
-0.791059210852015 0.349478410796663
0.138563716225657 0.870395160019681
0.727559019037586 -0.467816326632379
0.79843127432076 -0.333143458537405
-0.649977321824974 -0.595376616383807
0.592856242091002 0.652396330109521
0.744924095428591 -0.471532307178568
-0.640602851477904 -0.581709810594837
0.77662651395668 -0.417445186026408
0.080171322822931 0.878143416612379
0.026353755996641 0.826359508406233
0.0608949208500185 0.843004637060432
0.115887380889723 0.874235076919516
-0.645330262022796 -0.601181122874769
0.735790087583042 -0.486451802112242
0.0266063867815312 0.845095740727629
0.113457764115821 0.874815266904609
0.155735639925986 0.868373377761346
-0.182227932200335 0.863290150804503
0.730123340463157 -0.495527294125965
0.73692979363864 -0.485501656347073
-0.653649598153717 -0.593016924087686
-0.107028784731775 0.876139660550575
-0.195915735761823 0.860721438615356
0.0506446155286101 0.881366841813242
0.753707334079081 -0.459831678514021
0.0931111572322923 0.878064507269792
-0.638671286585374 -0.609846310991295
-0.65287745550592 -0.594735786178238
0.155915052397408 0.869365137074387
0.725476682421022 -0.471933894213892
0.145048528774678 0.871327329989036
0.111380792604563 0.858434912429067
0.754253564064902 -0.459887628453489
-0.178767766367647 0.865205968331865
0.146359386960588 0.871356391440732
-0.652993833806432 -0.59533635265167
-0.860676012041633 0.20051422157966
-0.769397349231634 -0.434901420599749
-0.187327075862945 0.863806701005264
-0.161841438336678 0.869023746753546
0.112305976126449 0.876882727360142
0.154529928263166 0.870515383307768
-0.637508234700311 -0.612698883035814
-0.219086644415989 0.85671314476172
0.769134928131072 -0.397522681701082
-0.647477957693509 -0.602385198069889
-0.582890923123265 0.640395288050129
0.740029002896042 -0.48434650311599
0.83851885340512 -0.281529728575587
0.591038292274349 0.633099779652133
0.078939363235924 0.881067192702276
-0.648733675285963 -0.601492292370294
-0.642991131572658 -0.580496478579941
-0.264203507045287 0.844382602358397
-0.630519781260646 -0.594246802327674
-0.818849718588347 -0.33527198074849
-0.279113978330644 0.839734374612613
0.752776628317478 -0.465318850671614
-0.744918985497912 -0.477938726665142
-0.807663040821411 -0.362139692667809
-0.655586079275619 -0.594816147401906
-0.80858764180805 -0.360443595151065
-0.100923000524944 0.879591896497213
-0.638549618155805 -0.613396392126861
0.744771554122869 -0.479008424827617
-0.653547362717503 -0.597613732933049
0.732306569592888 -0.463336589784624
0.744214329597115 -0.480149511270564
0.799398052106257 -0.381435541958654
-0.667744314567337 -0.582047465501203
0.103051504370919 0.879871082136036
0.748601662119898 -0.473834262116117
0.855829597546425 -0.229367155541437
0.149127352716829 0.873466928543513
-0.649616683805522 -0.573776687460487
-0.648214130347248 -0.575592180837246
-0.656546742691474 -0.59519684536496
-0.769710460407207 -0.399122426705579
0.0886616876600186 0.862644539980281
-0.551867866537712 0.66911924732824
-0.180597324263994 0.867655809084969
-0.85604544881889 -0.229688688591888
0.0745472973660732 0.883256324720152
0.0586010391515294 0.884529766911178
-0.18960393231001 0.866028245416622
-0.884572053457103 0.0601171099244558
-0.703935659510817 -0.539150456300242
0.116164864140495 0.87911365992738
-0.646101027761152 0.607465780867595
-0.638615376087406 -0.615432661947838
0.10704523788095 0.880484901957432
-0.823341324485102 -0.330070348490601
-0.64820170643633 -0.605637340074212
0.0645156222642606 0.884829976292255
-0.820203125262492 -0.338344712282265
0.843415971299143 -0.202950863362308
0.754889398509153 -0.466343128429783
0.155455601672766 0.873665112823124
0.736311317823004 -0.4954046065403
0.0579729296723155 0.885630724998417
0.129342827385097 0.87812031654488
-0.654939727148864 -0.599166657582984
-0.657171404843201 -0.596819910300269
0.0908180443475003 0.883142986513038
-0.859969383529041 -0.220823377978393
0.132310327967461 0.878023233565046
0.747149146531784 -0.479915780557337
0.0916946714283816 0.883324934467915
0.742696198484894 -0.487024359842444
0.159807904810508 0.873711046006877
0.818461282772299 -0.345180455643639
-0.635866814766236 -0.590315540166531
0.0789544780914183 0.88482379169423
-0.630653085505413 -0.59609888125899
0.0949542830007918 0.883316956094044
-0.203398680502341 0.864876883265559
0.148209483016572 0.876090497414794
-0.648596106277467 -0.607405091786317
0.155150923161088 0.875021697629369
0.115381722565382 0.881214189171874
-0.635725029522564 -0.590904133693439
-0.72421803476234 -0.515243554780407
-0.855533742294996 -0.241134149734743
-0.370255523491302 0.808152323031383
-0.661011669790483 -0.594456271820737
0.0635100618172381 0.886789832123506
0.743461526566744 -0.487657085173201
-0.214199942701319 0.863004804404115
0.0267589594606908 0.888851503286411
0.0763434681796311 0.886035291239222
-0.203111815567396 0.865878730919147
0.839019430903893 -0.295228732165455
0.0811106449678082 0.885803362779273
-0.0682085755949185 0.886953635454539
-0.640373649967401 -0.617554111435977
0.111627019908911 0.882668078470485
0.746345689926404 -0.484400023077089
0.745029209073908 -0.486536946028465
0.0285058350876287 0.889429761169298
-0.226167505093194 0.860730511616781
-0.802759767118266 -0.384312494957499
0.147409849315243 0.877781277341011
0.154610346399702 0.876604407494513
-0.652697564891751 -0.605338965688876
-0.788804255277268 -0.412730744114398
0.154007136937858 0.876897819925395
-0.81837352763288 -0.350772916260864
0.0951685700960356 0.885340849010555
0.734906671312356 -0.50289759296579
0.738291475597121 -0.498023648554667
-0.65271314729534 -0.605949818883888
0.093871471820545 0.885723030741361
0.0660605981480129 0.888290701479024
0.749609166732737 -0.481266487214584
0.871816778099047 -0.183230815859825
0.737855241507114 -0.499313621325247
-0.752575804412775 -0.476948911952752
-0.65766334202155 -0.601194997192353
-0.160041495487681 0.876612138319934
-0.707130399289287 -0.542341295972507
-0.555778701241807 0.69669406290563
0.749853962804775 -0.481763898971495
-0.796056533256481 -0.400968818590585
-0.198756837278235 0.868954565009516
0.753298642328363 -0.476688087632816
0.107875707784323 0.884961588697563
0.0271723327279261 0.89115621246724
-0.707345778545431 -0.54282867904049
-0.707934354008196 -0.542155897259986
0.629133583579199 0.631979263687203
0.134533088623362 0.881595282423622
0.624544206631196 0.636675911444823
