-0.200561607736675 0.467411360564118
-0.453351700961132 0.449053839694249
-0.0017808735939856 0.61360715143073
0.179106482322807 0.548474612166244
-0.398378364751601 0.576330999589705
-0.496505007631259 0.536193107240871
0.0431942346660213 0.706730511377192
-0.406394546677625 -0.533365736638938
-0.258591426076976 0.64199993073791
-0.616658181214385 -0.291900351023954
-0.51365235594995 -0.408455267409592
-0.433349778243366 -0.593953429577669
-0.444130661613589 0.624597634372166
-0.0278148862426061 0.802080948587134
0.649568618030365 -0.29794708770077
-0.457769925526681 -0.660429717130687
-0.733641406375295 0.17053028117648
-0.519475968158046 0.641788291075682
0.189801159121115 0.700642040672595
0.656042466402875 -0.34097236019618
0.637686843221012 -0.335481746563953
0.656370343993968 -0.348570040250614
-0.696841389298682 -0.293531528927656
-0.606469932466473 -0.441370427496251
-0.341717668678287 0.677630410691664
-0.563016075310741 0.589928574081852
-0.471652133347846 -0.678383991112498
-0.432485059911023 -0.608757806105876
-0.683622249900168 0.335571734490556
-0.293043520735963 0.733130171877192
-0.760178704399916 0.263486528171966
-0.0121807303900288 0.845428791339749
-0.127610831842091 0.78053091241561
-0.498925883754702 -0.615371152703434
-0.0216959003919994 0.793204851171986
-0.280147518578805 0.718101801601048
0.159833964588807 0.789487459416689
-0.748763389553958 0.191530139012591
0.106402296023648 0.773003087022968
-0.762078096190299 0.292274291068324
-0.427579338804259 0.707627293533303
0.215982190924835 0.751552269900613
-0.457826984002583 0.711208539870333
-0.606802086090372 -0.46426314574113
-0.597167301230185 0.628614069241789
0.71615267104541 -0.370768268374459
-0.789563521618196 -0.35863285588233
0.726739470065463 -0.351663410774875
-0.116155294277601 0.799854699717644
0.217109882795497 0.752912000996457
-0.714909711700599 0.347171507086976
-0.278885967117774 0.722913141474686
0.714771911110867 -0.324906187015421
-0.272239563369633 0.718834838755486
0.740050226012403 -0.369828620524111
-0.815284111294779 0.0515985669588457
-0.474911625858629 -0.65508049903639
0.187641715563917 0.795791440779246
0.244024419519308 0.791058905539435
-0.0125365637794979 0.867256121158122
-0.67305431961585 0.407223811113697
-0.0124725297468041 0.867407446466737
0.240909789422644 0.773315452310621
0.244153289491554 0.791564058495807
-0.603988084598285 -0.48837636090272
-0.322587428636953 0.72765842738067
-0.0201882166678686 0.796879018111038
-0.771571651874268 -0.34730451255727
-0.733452198284413 -0.345625457986929
-0.481795503856407 0.695939434000647
-0.35472314626139 0.749137154577018
-0.428853149560674 0.709900612363064
0.61222049289445 0.584940488788899
-0.47999402695904 0.697912000764218
-0.47186494656823 -0.668550609733689
0.223917944405439 0.799100917416819
0.23272336322774 0.785213407960772
-0.308608871838518 0.770894728433135
-0.311432724008423 0.788027089871095
-0.547702294585706 -0.609776731890489
-0.00704365932036022 0.820257897380113
-0.429854635655782 0.71101965453701
0.215984099372161 0.802788990689609
0.703615226603914 -0.377060875854374
-0.317784410521151 0.807356087812569
-0.753942687792004 -0.351389815623163
0.68140194169567 -0.376599021452674
0.0740190993425468 0.828975645981733
-0.294726564675413 0.756222914633092
-0.304858793366773 0.762222679390598
0.0645334373636014 0.830228986676401
0.192809295741045 0.81057080891892
-0.46669297199778 -0.676130646428771
-0.597985197456566 0.628874142588587
0.0326872863885088 0.8469980809071
-0.754300842218711 -0.354932503336904
0.184948663624222 0.791095796380451
-0.72230286862713 0.417088305853027
-0.296589039314899 0.766815572495823
-0.57244217027124 -0.577602921840586
-0.484329658790267 -0.695982610967856
0.246587171312789 0.797249753327678
-0.586957896961087 0.612320135832417
-0.580955536490085 0.618409625866463
-0.760025255785279 0.377864430123424
0.697470803769163 -0.366965347192547
0.734900936695343 -0.39629861404617
0.783050482402743 -0.37437654205379
-0.302429453673578 0.793367733513839
-0.47764445343388 -0.659107968584008
0.74997820340875 -0.398623396948078
-0.00968728523360044 0.849554050567391
0.748243712460847 -0.403027756805269
0.783198065802259 -0.374409127994602
-0.491769468742515 -0.675282012301036
-0.395548776062438 0.772901557823154
-0.575245550921689 0.606331779516909
-0.652128232292655 0.523420402167851
-0.460114445405631 0.71488108625488
0.767653363268288 -0.365957693152228
0.733740561716574 -0.401934573371851
0.138547456794398 0.82547551959246
0.222605470066901 0.821045817358843
-0.461949863958086 -0.680862462912895
-0.500144370843039 0.709890283345912
-0.656941509479003 -0.519330355613025
-0.775998691884038 -0.349205507606366
0.777689314865104 -0.386703514440294
-0.598568701012957 0.629528547105594
0.252377775866258 0.831351480819553
-0.00919501839279789 0.851163501161008
-0.164850441037354 0.806709574868601
0.0917079274760434 0.846519540112649
-0.58814405622561 0.616060502287724
0.704102424033687 -0.378507814344799
-0.716546122480057 -0.434167279570499
-0.598777391961724 0.629724828571956
0.750528668325415 -0.40321894270211
0.0327065683109886 0.837571421325076
-0.794871515392113 -0.351445105315952
-0.456299501132353 0.719792306130947
-0.500340200326243 0.710802019585811
-0.48246386790155 -0.702827746461693
0.0218270735528757 0.852459091890335
0.0687020981166212 0.850214305681239
-0.171511681378207 0.835814735556439
-0.351472705228567 0.761387779196059
-0.691958511435079 0.499610791828466
-0.384513914584234 0.762219407314657
-0.595101113669477 0.633781285283292
-0.637692648533198 -0.483850432281522
-0.604373476302226 0.625139806675075
-0.697627776262058 -0.492497319342714
-0.305363031046235 0.814286391959495
-0.53722579999602 -0.644418015170809
-0.171685109983048 0.836760440795931
0.252891513157863 0.832223192746609
-0.0116883841745899 0.869857702266866
-0.00488317947196662 0.870059489548173
-0.576631583950587 0.651736562855474
-0.619130053480344 -0.588833133596275
-0.295428882561625 0.769186128635116
0.779328787001246 -0.387488326070224
0.2246379938541 0.8246113911089
0.207563037219155 0.774191941599263
0.253011660637643 0.832898889806766
-0.00949548596685972 0.854840783259842
0.72555832199104 -0.3917211611517
0.739060928531987 -0.397881723716269
-0.532269465057334 -0.688954611886076
-0.154881855362412 0.840980615322232
-0.0382974587958343 0.838857678278576
-0.312829102659572 0.812612984217589
-0.304786491408481 0.799207716480944
-0.747383585472509 0.447047260953608
0.253418149540972 0.83333258360112
-0.309792597475922 0.797523979577608
-0.655716546190672 -0.52517236632174
-0.0124563195801621 0.871055788768259
-0.485073372537099 0.705056849253048
-0.311565141879916 0.813663830969752
-0.586170212560458 0.623849705804965
-0.821772718889882 0.24052753221984
0.141207431299421 0.828520019333178
0.0678726934041856 0.868759012175775
-0.432763242515457 0.756499240444497
0.863416227030257 -0.119635691089073
0.209705540776854 0.798025350219801
-0.206661724810099 0.846944702118546
-0.503146127575402 -0.693098197802378
0.213325312737964 0.845422850565695
-0.740174355378312 -0.461098120752098
-0.515970890567801 -0.663903108886332
0.750131113802834 -0.413786232853888
-0.677923873309155 -0.524124929327236
-0.305345706435309 0.800887710890129
0.788087130798814 -0.373643257239862
0.244530276427491 0.837326463116888
-0.379061056650407 0.785775053329258
0.755116576611676 -0.370667358681825
-0.320297254836696 0.795256973773192
-0.832665712663698 0.260798006208826
-0.794599020528826 -0.360800882067624
-0.798730069452359 0.351868264726225
-0.320301434028902 0.795484331939085
0.253688527130903 0.835247440628588
-0.0178276554975666 0.85757353469928
-0.671154815627579 -0.534472464239402
0.231418844274143 0.809096106232728
0.768502944373754 -0.414262695759793
0.735653172340168 -0.409384158686872
-0.816256000488673 0.207583609045591
-0.409879386479304 0.770988001196124
0.262017027461332 0.833056420238472
0.76879764642418 -0.414484596280902
0.0330909389287643 0.857538090937141
0.0402707468349837 0.857437722199677
-0.553974398084195 -0.655961717962784
-0.46465560227488 0.722231592660274
-0.0501733115884571 0.857527565925197
-0.466909616630172 -0.701383069692738
0.768916010541214 -0.414518907600745
0.0429656677036178 0.872594547127657
-0.509057257346296 -0.710166618792179
0.77646590546752 -0.400979222789225
-0.599836634269167 0.635677966285867
0.258298816562845 0.819449763032218
-0.503372211406038 0.714641740313535
-0.796121995157707 -0.361235687540001
-0.720068508883257 -0.469106158031985
-0.473387707877422 -0.71749853574848
-0.0117042209049659 0.874281786053196
0.144021968351398 0.862534991096917
-0.509942408654435 -0.692240880127026
-0.800233897384533 0.352898134540098
-0.658825899723346 -0.525797947462752
-0.497978338001556 0.719117896217336
-0.313620462084892 0.816673692620874
-0.504025140668249 0.715172895155098
0.21769045054116 0.831977172110512
0.788682838152498 -0.379067348606058
-0.311098893143375 0.818002679840527
-0.674544022630034 -0.533760068095361
0.254566945290618 0.837438943273907
0.261581576458422 0.835392112985559
-0.516881411897333 -0.666269662906715
-0.318605416385292 0.815469969415396
-0.50056029945087 -0.679030277351008
-0.498261449236372 0.720021655209305
-0.588896037343162 0.627250414967712
0.0431067834381993 0.874660868557216
-0.704966115110276 -0.49355291458498
0.755329403530867 -0.412767726650576
-0.492724581204609 0.724089564464673
0.773415100924693 -0.411223643373384
-0.522432847267193 -0.684316865756561
-0.673609228212944 -0.536470110847722
0.216678771557432 0.848833272365059
-0.322772088505833 0.814540869594874
0.770441130243539 -0.417455840584668
-0.83381580022202 0.215922895201086
-0.681392722301435 -0.551128271713038
0.0220950215660946 0.861221937009037
-0.284076477121037 0.76360791422168
0.227883372725228 0.831010560039962
-0.492243138877906 -0.685488918680109
0.755191415788337 -0.415344839564287
0.258432765872275 0.822406240865205
0.0220856311866695 0.861953569633102
-0.0054083020818091 0.862399453092232
0.261945238066437 0.836428028466579
-0.790718018186151 -0.378391539566407
-0.530193863114494 -0.698209744771293
0.212255523293551 0.817126825699969
-0.801977010769134 -0.354431587430244
0.264203468740152 0.836164553968293
0.262311741033002 0.836870486203749
0.19384965287506 0.840531294677953
-0.435374616351755 0.761441332272508
-0.00525960616024298 0.862756932411619
-0.31812675204572 0.817510186901238
-0.604621682737581 0.635722437100827
-0.521010198324014 0.706003482998086
-0.688992319266354 -0.543473615307075
-0.675092352534863 -0.537524259578708
-0.691902293155427 -0.539931424621423
-0.786719993848728 0.38923825739865
-0.412075992670886 0.775117731183503
-0.520078006473026 -0.7073271181847
0.767903420909197 -0.425787626261784
-0.0060188711904018 0.878129741888425
0.237081282816085 0.829926206765072
-0.493356082016249 -0.726584115965289
-0.499438010397023 -0.70416473113178
0.772093077654393 -0.418775528281374
-0.298560929726115 0.810214267083021
-0.769017865510071 -0.424602737556345
-0.40034133833441 0.782034151606449
-0.381704265904039 0.791407884251839
0.263568871191105 0.838289550223446
-0.14714545382178 0.866440317218735
-0.841600136085536 0.253479516297218
-0.506198205947666 0.718663648418011
-0.331340703451579 0.814308404383332
-0.506567172212895 0.718640860484528
-0.788129151920354 0.389970445890007
0.226271889608731 0.849820241398167
0.216724422419579 0.836010803924909
-0.326344959328925 0.799799060541373
-0.691146854472574 -0.54394643284894
0.772547239542885 -0.420594973975969
-0.506532422702792 0.719250539870813
-0.522830385059433 -0.707609555749636
0.256029352634337 0.841829986237577
-0.441957744509641 0.742392920185266
-0.520834929372251 -0.709313044602038
-0.481665121770182 -0.736584958134832
-0.693950063186756 -0.541438899908517
0.775916897428222 -0.415739387524691
0.776012992813265 -0.4157559637624
-0.794157400192826 -0.380165160265106
-0.331500622821813 0.776788925073634
-0.660289194474812 -0.527116455360524
-0.794286905401012 -0.380107356527827
0.774956353895166 -0.418302683824772
-0.401376375347912 0.783959259007019
-0.355122761369226 0.806066377373498
-0.677973499467825 -0.535834367852144
0.263230779551046 0.840668926339237
0.257958715698623 0.842395951391288
-0.342274338069198 0.793666040811845
0.775148917718199 -0.41889878486896
-0.685955785075281 -0.553131582394863
-0.692449300361676 -0.545124900862363
0.774714215426261 -0.420264010115708
-0.760848503132577 -0.410434381639034
-0.507540600463252 -0.720668243221943
-0.156763032415005 0.867491336267682
-0.863290052010283 -0.178889099637906
-0.331348666212517 0.817088559278812
-0.596813839054619 0.649147900641737
-0.648414443112633 -0.59773911226147
-0.853572141788149 0.222038278624571
-0.740492325612234 0.446436587835255
-0.324897109481745 0.820049274712194
-0.324756661211514 0.820197591673479
-0.522494393199114 -0.710874188340294
-0.796680605226214 -0.379201178271623
-0.00403400847447193 0.882398867600581
-0.49649061326441 0.729582839579417
-0.622912058618077 -0.625239260511001
-0.0190450100679128 0.882456727382046
0.263673769825809 0.84244718664789
-0.312410945173025 0.825704888652856
0.796622750991404 -0.380695300061191
-0.523092819801217 -0.711377322639625
-0.789406990124341 0.395811813654981
-0.402513434728708 0.78610396281633
-0.597939781698218 0.65006935505472
-0.508438922699357 -0.699578759058891
-0.508563518211855 0.722239897048844
-0.87450807753793 0.125090553804029
-0.61090923318058 -0.61236831450342
-0.846009225637349 0.254606857614397
-0.797652911319908 -0.380065611641508
-0.371496617287489 0.801769052288653
0.0887834791938154 0.879263157205476
-0.331842759180338 0.819151383879166
-0.403019628074 0.786667486348021
0.266648074159052 0.842799417073229
-0.297989051377664 0.790930409392418
0.753503082920332 -0.42511295928388
-0.00740094566045517 0.884023941790057
-0.326768652280035 0.821532688018433
-0.694805977153635 -0.546880724968307
-0.332938493140061 0.819222531952528
-0.303390906511165 0.830702619151061
0.752382957428113 -0.42742147884935
0.223732101865332 0.855684335449561
-0.380537489970326 0.798486927517077
-0.46816651862533 0.727921083391793
-0.523976791787105 -0.712724677395885
-0.313193977166708 0.827390620357021
-0.5068601853838 -0.725186593380097
-0.686070316047285 -0.558790728435584
0.197739847919895 0.862539739891417
0.227852656905023 0.855157817379211
-0.403643052779448 0.787667107105242
-0.852883775113075 0.236794210576887
0.796001111627003 -0.387297169465756
0.781800007505482 -0.41537915417203
-0.371170902731644 0.803814079268001
-0.503148397979412 -0.728601412192159
-0.504084533264524 0.728045413768477
-0.503998572556222 0.728195985268604
-0.702058970936256 0.539934598337911
0.761815683299826 -0.411052401908745
-0.689340149932597 -0.556199735883535
-0.853384642026207 -0.14607724718816
-0.339677066393362 0.796554197351607
-0.510321778647116 0.724051860389467
0.775828017499109 -0.427669657455587
-0.686861135892376 -0.55960957252605
-0.755697089728208 0.462594055316182
-0.696195936627812 -0.54819015119581
-0.327303570434636 0.823530865434824
-0.693934237388986 -0.55128495005116
0.779869735048774 -0.421178997242185
-0.695946844360741 -0.548976223115886
-0.375147378397019 0.803186980427759
0.0284859434621872 0.886093130738459
0.218496926270784 0.859278075891327
0.0376543226761039 0.885894313404302
-0.316938014683114 0.828192836375538
-0.00511639187657839 0.886821872453694
-0.299478905050451 0.812690089029426
0.0108949855975092 0.88684061611564
-0.30168829283465 0.812040139329563
-0.00377331407448038 0.886970206880618
-0.307247663460572 0.832138393641204
-0.511107056888416 0.725085993940079
-0.524190396032959 -0.715771530836118
0.235097100635695 0.855545316333568
-0.0239159205064327 0.887006251902532
-0.416572720427832 0.783544834373223
-0.210237381783566 0.862205607875808
-0.520537971096058 -0.718860952353681
-0.707067472439883 -0.536561901110439
-0.502357988829832 -0.731847954269358
-0.73927886497506 -0.491480709820931
-0.513255470993432 -0.724414633464276
0.219619282728981 0.860288314201028
-0.577906974080977 -0.674145888501849
-0.839444352087136 -0.214543581957918
-0.148945912549445 0.875433873483915
-0.673599766301357 -0.545186600290506
0.781712619149932 -0.421443473952574
0.266514646682336 0.84721821353668
-0.511535390741929 0.726126373360183
0.781486944200702 -0.422285450662662
0.220386322794005 0.860578449522075
0.795564348895821 -0.395425080430407
-0.417034401917191 0.784527781698084
-0.304850321116831 0.834616916843585
0.233274579655791 0.857449328020643
-0.870218849290521 -0.180201217982368
0.225294118305243 0.859716530575627
-0.517275693149839 -0.722780826156805
-0.528163914823497 -0.714944153992984
0.13430706551981 0.878737482397209
0.249318124843331 0.853331002150329
-0.328553052202622 0.826136359816551
-0.0128604697275912 0.889043171158416
-0.622770707489022 -0.634692248427868
-0.352387457100458 0.816464838217199
0.258302513864316 0.850990838729087
0.782464162733745 -0.422810800148964
0.776454329970438 -0.433879077774492
-0.338371532868043 0.822648180801102
-0.0191281586437748 0.88937735667715
-0.0232750299921172 0.88934166169841
-0.322784413239333 0.829091427587273
0.0287274960921283 0.889308082058429
0.107179883921233 0.883356143056292
-0.166882564093542 0.874109255955993
-0.311030255254459 0.809007493618554
-0.0156533630975465 0.889821691744804
-0.512356518674422 0.727756188645694
0.245668583229842 0.855508933035466
-0.374531990298205 0.807517433439052
-0.315711690945782 0.832342772658858
-0.69079074009515 -0.561592360888948
-0.498747246465323 -0.737521655790556
-0.829377898872634 -0.323926244358414
-0.729662530613568 -0.510389190757494
-0.335714040562689 0.824808440776555
-0.692339578650062 -0.560166813714623
0.774377214267857 -0.439964404188239
-0.529420260215425 -0.71627540588436
0.782174402908252 -0.373768105162997
0.805176244678888 -0.38096552839481
-0.510237126518317 -0.730211320341184
-0.889217965538486 -0.054301164234444
0.0108100301453867 0.890868559565347
-0.507093618372304 0.732615780992588
-0.00511664637064682 0.891038465698757
-0.803686668604847 -0.384927406532863
-0.513353177718385 0.728460886377423
-0.345800236016284 0.821409800751859
0.010962166927148 0.891221941777222
-0.529749173493738 -0.716845259618811
-0.478241771850867 0.752256908351205
-0.603586126809855 0.656043835151065
0.236300133877972 0.859637012797282
-0.522786677868531 -0.72222655854383
-0.693883269533242 -0.559952169080807
0.260956300531316 0.852657780298924
0.216724458405611 0.865018378855468
-0.792808188123923 -0.40839199057705
-0.614466702078665 0.646422321489387
