1 2
1 3
1 5
1 6
1 7
1 8
1 10
1 11
1 15
1 16
1 20
1 21
1 22
1 23
1 24
1 26
1 27
1 28
1 29
1 32
1 34
1 41
1 45
1 47
1 50
1 59
1 62
1 64
1 65
1 67
1 68
1 69
1 70
1 71
1 75
1 76
1 77
1 82
1 89
1 90
1 103
1 108
1 113
1 120
1 122
1 125
1 129
1 146
1 147
1 148
1 151
1 152
1 155
1 169
1 174
1 177
1 185
1 188
1 191
1 192
1 198
1 200
1 201
1 206
1 211
1 218
1 219
1 220
1 228
1 229
1 239
1 243
1 244
1 245
1 254
1 263
1 264
1 273
1 275
1 286
1 289
1 298
1 300
1 307
1 310
1 313
1 314
1 319
1 324
1 329
1 339
1 340
1 344
1 345
1 357
1 359
1 363
1 370
1 379
1 391
1 399
1 402
1 419
1 426
1 432
1 434
1 438
1 441
1 447
1 471
1 474
1 494
1 499
2 3
2 4
2 5
2 6
2 7
2 8
2 9
2 11
2 13
2 14
2 19
2 20
2 25
2 31
2 38
2 39
2 43
2 51
2 65
2 66
2 72
2 78
2 99
2 124
2 135
2 143
2 145
2 153
2 161
2 165
2 173
2 186
2 197
2 205
2 213
2 223
2 243
2 249
2 271
2 276
2 292
2 321
2 328
2 365
2 366
2 384
2 388
2 390
2 415
2 420
2 423
2 469
2 475
2 496
2 497
3 4
3 9
3 12
3 18
3 37
3 46
3 49
3 57
3 58
3 61
3 72
3 86
3 92
3 105
3 140
3 142
3 157
3 171
3 190
3 197
3 202
3 204
3 217
3 224
3 225
3 249
3 251
3 266
3 279
3 291
3 306
3 341
3 374
3 380
3 381
3 403
3 405
3 415
3 421
3 430
3 440
3 442
3 449
3 453
3 472
3 479
3 486
3 496
3 497
4 12
4 24
4 29
4 41
4 46
4 49
4 57
4 58
4 73
4 74
4 79
4 86
4 91
4 92
4 93
4 94
4 100
4 105
4 106
4 114
4 119
4 121
4 142
4 150
4 175
4 178
4 204
4 208
4 217
4 224
4 230
4 237
4 270
4 272
4 291
4 332
4 335
4 349
4 356
4 364
4 381
4 383
4 389
4 394
4 398
4 431
4 453
5 26
5 27
5 28
5 32
5 35
5 36
5 42
5 44
5 53
5 55
5 56
5 87
5 104
5 127
5 154
5 163
5 168
5 183
5 194
5 195
5 227
5 233
5 246
5 255
5 261
5 282
5 287
5 290
5 301
5 304
5 305
5 318
5 342
5 348
5 358
5 376
5 386
5 395
5 425
5 435
5 455
5 465
5 466
5 482
6 10
6 16
6 17
6 47
6 50
6 52
6 67
6 137
6 141
6 193
6 231
6 253
6 258
6 274
6 275
6 320
6 325
6 352
6 412
6 422
6 428
6 432
6 454
7 13
7 19
7 30
7 38
7 43
7 48
7 78
7 83
7 85
7 164
7 181
7 209
7 213
7 215
7 311
7 316
7 410
7 433
8 75
8 81
8 82
8 98
8 101
8 113
8 117
8 151
8 169
8 177
8 198
8 229
8 239
8 244
8 259
8 265
8 296
8 298
8 300
8 314
8 323
8 436
8 461
8 476
9 14
9 31
9 186
9 210
9 294
9 309
9 312
9 366
9 485
10 17
10 40
10 69
10 102
10 108
10 109
10 133
10 138
10 166
10 170
10 247
10 257
10 269
10 399
10 411
11 15
11 39
11 107
11 144
11 235
11 284
11 288
11 310
11 328
11 365
11 385
11 391
11 417
11 452
12 18
12 37
12 61
12 139
12 157
12 171
12 190
12 266
12 341
12 371
12 418
12 421
13 30
13 83
13 85
13 215
13 311
13 316
13 410
13 451
14 25
14 51
14 124
14 143
14 292
14 321
14 322
14 406
14 469
14 473
14 491
15 23
15 33
15 107
15 144
15 288
15 350
15 351
15 385
15 492
16 90
16 96
16 146
16 248
16 263
16 360
16 434
16 448
16 499
17 40
17 102
17 133
17 137
17 167
17 247
17 297
17 412
17 481
18 139
18 371
18 418
19 161
19 262
20 21
20 64
20 120
20 174
20 185
20 191
20 419
20 494
21 22
21 68
21 112
21 122
21 132
21 148
21 324
21 402
22 112
22 192
22 200
22 201
22 211
22 216
22 232
22 445
23 33
23 116
23 180
23 199
23 221
23 250
23 277
23 350
24 34
24 89
24 110
24 134
24 136
24 147
24 155
24 160
24 176
24 187
24 203
24 212
24 236
24 308
24 367
24 372
24 413
24 444
24 456
24 459
24 468
25 66
25 99
25 145
25 223
25 271
25 390
26 56
26 104
26 118
26 123
26 172
26 183
26 283
26 317
26 334
26 395
26 400
26 493
27 36
27 45
27 60
27 63
27 162
27 241
27 331
27 336
27 373
27 397
27 439
28 35
28 154
28 246
28 255
28 318
28 386
28 425
29 115
29 150
29 158
29 208
29 226
29 270
29 387
29 450
29 488
30 48
31 485
32 194
32 195
32 227
32 261
32 267
32 282
32 301
32 353
32 361
33 116
33 199
33 250
34 59
34 131
34 134
34 136
34 176
34 222
34 308
34 362
34 409
34 444
34 459
35 53
35 55
35 87
35 465
36 42
36 84
36 97
36 111
36 295
36 330
36 336
36 373
36 393
36 396
36 490
37 140
37 279
37 374
37 380
38 181
39 135
39 235
39 238
39 276
40 297
41 62
41 80
41 95
41 115
41 260
41 268
41 293
41 414
42 44
42 84
42 111
42 327
42 347
42 427
43 205
43 384
43 423
44 327
44 347
45 60
45 71
45 162
45 256
45 303
45 424
45 483
46 79
46 364
46 394
46 446
47 52
47 54
47 428
48 209
49 114
49 121
49 335
50 254
50 407
50 422
50 454
51 491
52 54
52 88
52 234
53 127
53 305
53 455
54 88
54 234
56 118
56 163
56 326
56 342
56 477
56 484
57 74
57 93
57 126
58 73
58 106
58 272
58 278
59 128
59 131
59 252
59 280
59 299
59 346
60 63
60 182
60 240
60 303
60 377
60 424
60 460
62 80
62 128
62 156
62 280
62 375
62 408
62 489
63 182
63 241
63 460
64 125
64 219
64 363
65 70
65 103
65 245
65 379
65 441
66 153
67 141
67 274
68 220
68 370
68 447
69 76
69 214
69 464
70 77
71 129
71 273
71 285
71 315
71 333
71 378
71 498
71 500
72 403
72 404
73 94
73 332
74 100
74 184
75 81
75 98
75 354
76 214
76 464
77 228
77 319
77 471
79 446
80 95
80 260
80 293
81 354
82 101
82 323
82 436
83 451
84 97
84 396
85 164
86 91
86 237
87 376
89 110
89 159
89 203
89 367
89 368
89 487
90 96
90 149
90 248
90 416
91 178
91 356
92 389
93 126
93 130
94 119
94 355
95 156
96 149
96 369
97 295
97 330
97 393
98 117
98 196
98 461
99 388
100 184
101 296
102 167
102 481
104 123
104 172
107 452
108 109
108 138
108 189
108 337
109 166
109 170
109 337
109 458
110 159
110 487
111 427
112 232
113 259
113 265
113 443
115 158
115 387
116 180
116 277
116 462
117 196
118 326
118 484
119 175
119 179
119 355
120 188
122 132
123 493
124 322
126 130
128 299
128 382
131 252
131 346
133 257
133 269
133 411
134 222
134 362
134 409
135 238
136 236
136 372
137 193
137 231
137 352
138 189
140 306
141 258
141 320
142 230
142 349
143 165
144 351
144 492
147 160
147 212
147 413
149 369
150 398
151 152
151 359
152 218
152 470
153 173
154 168
154 304
155 206
155 207
155 264
156 375
157 442
157 463
158 226
160 456
161 262
162 256
162 302
164 433
168 466
169 286
170 458
171 202
171 440
172 283
172 334
175 179
175 383
175 392
176 187
177 476
180 462
182 240
186 210
186 294
188 474
191 329
194 353
195 361
197 225
198 289
198 313
199 221
201 216
201 445
203 281
203 368
205 475
206 207
206 242
207 242
207 338
207 457
210 309
212 281
213 420
217 251
218 470
219 426
224 430
226 450
227 233
227 287
228 345
228 357
228 438
231 253
233 290
233 348
233 478
235 284
236 468
239 307
239 429
240 377
241 331
242 338
242 343
242 467
243 339
246 358
246 437
248 360
248 448
254 407
254 480
256 302
256 401
259 443
260 268
261 267
266 449
270 488
272 278
273 285
273 333
273 378
275 325
282 482
283 317
285 315
285 498
290 478
293 414
299 382
301 435
302 401
307 429
309 312
322 406
326 477
328 417
330 490
331 439
335 431
338 343
338 457
338 495
339 340
339 344
343 467
343 495
358 437
360 416
373 397
375 408
378 500
381 486
383 392
395 400
403 404
404 405
406 473
407 480
408 489
424 483
440 472
442 463
449 479
