1 2
1 3
1 4
1 5
1 6
1 7
1 8
1 9
1 10
1 12
1 16
1 18
1 20
1 24
1 25
1 31
1 35
1 36
1 37
1 40
1 44
1 46
1 48
1 49
1 52
1 54
1 56
1 57
1 61
1 62
1 65
1 68
1 70
1 72
1 74
1 78
1 80
1 81
1 82
1 84
1 86
1 90
1 96
1 98
1 105
1 106
1 108
1 113
1 115
1 116
1 128
1 130
1 131
1 132
1 137
1 138
1 144
1 154
1 155
1 156
1 158
1 159
1 160
1 161
1 164
1 170
1 171
1 172
1 175
1 179
1 192
1 199
1 203
1 210
1 214
1 218
1 228
1 229
1 230
1 239
1 240
1 248
1 249
1 253
1 255
1 267
1 273
1 274
1 276
1 288
1 292
1 294
1 300
1 302
1 303
1 308
1 313
1 320
1 322
1 324
1 325
1 329
1 330
1 331
1 334
1 337
1 344
1 350
1 352
1 366
1 368
1 372
1 376
1 380
1 381
1 382
1 389
1 392
1 399
1 401
1 409
1 416
1 419
1 425
1 431
1 450
1 453
1 455
1 463
1 475
1 482
1 484
1 488
1 500
2 3
2 4
2 5
2 10
2 14
2 15
2 17
2 19
2 20
2 21
2 22
2 24
2 28
2 29
2 32
2 34
2 41
2 42
2 51
2 55
2 59
2 61
2 68
2 69
2 72
2 76
2 87
2 95
2 101
2 109
2 110
2 114
2 118
2 120
2 121
2 139
2 140
2 142
2 163
2 178
2 180
2 185
2 208
2 212
2 226
2 259
2 271
2 281
2 285
2 293
2 314
2 342
2 379
2 395
2 415
2 440
2 449
2 462
2 473
2 474
2 498
3 6
3 7
3 9
3 25
3 31
3 36
3 37
3 81
3 115
3 127
3 130
3 136
3 138
3 144
3 154
3 155
3 161
3 199
3 214
3 227
3 235
3 249
3 267
3 274
3 294
3 324
3 330
3 337
3 344
3 349
3 374
3 381
3 470
4 14
4 17
4 19
4 22
4 32
4 34
4 55
4 59
4 60
4 92
4 101
4 133
4 149
4 163
4 185
4 238
4 259
4 285
4 326
4 343
4 367
4 379
4 384
4 388
4 395
4 398
4 447
4 474
5 8
5 11
5 13
5 16
5 26
5 27
5 58
5 71
5 73
5 111
5 113
5 126
5 132
5 168
5 173
5 174
5 184
5 189
5 205
5 209
5 215
5 217
5 243
5 246
5 251
5 263
5 339
5 345
5 365
5 386
5 406
5 430
5 437
5 479
6 70
6 116
6 156
6 192
6 203
6 211
6 288
6 290
6 302
6 303
6 320
6 347
6 389
6 409
6 419
6 450
7 35
7 40
7 48
7 49
7 106
7 107
7 135
7 190
7 193
7 197
7 213
7 261
7 346
7 391
7 422
7 424
7 433
7 478
8 11
8 12
8 23
8 33
8 38
8 45
8 89
8 129
8 146
8 201
8 225
8 250
8 266
8 270
8 306
8 315
8 321
8 353
8 362
8 369
8 490
8 495
8 496
9 18
9 62
9 94
9 97
9 100
9 105
9 162
9 206
9 216
9 242
9 255
9 279
9 280
9 292
9 333
9 359
9 405
9 458
9 488
9 497
10 15
10 43
10 47
10 51
10 66
10 69
10 83
10 87
10 93
10 104
10 119
10 183
10 207
10 231
10 257
10 264
10 269
10 284
10 291
10 328
10 371
10 377
11 13
11 23
11 38
11 67
11 153
11 176
11 233
11 241
11 260
11 321
11 360
11 471
11 486
11 490
12 46
12 50
12 79
12 88
12 90
12 141
12 146
12 150
12 152
12 167
12 201
12 287
12 316
12 373
12 383
12 404
12 414
12 481
13 111
13 126
13 168
13 174
13 189
13 233
13 243
13 260
13 317
13 339
13 386
13 387
13 400
13 406
13 429
13 477
14 76
14 109
14 121
14 142
14 212
14 271
14 312
14 342
14 421
14 443
15 43
15 47
15 93
15 134
15 139
15 143
15 183
15 220
15 236
15 283
15 295
15 299
15 438
15 445
15 448
15 485
16 26
16 27
16 58
16 63
16 71
16 75
16 102
16 157
16 232
16 245
16 275
16 282
16 364
16 491
17 21
17 29
17 77
17 91
17 112
17 148
17 247
17 355
17 361
17 394
17 451
17 452
17 467
18 97
18 162
18 216
18 279
18 333
18 405
18 442
18 458
19 28
19 30
19 41
19 99
19 145
19 165
19 223
19 298
19 304
19 403
19 426
20 42
20 53
20 103
20 158
20 177
20 191
20 198
20 265
20 301
20 425
20 444
20 475
20 476
21 77
21 112
21 114
21 118
21 140
21 181
21 305
22 60
22 367
22 384
22 447
23 33
23 45
23 64
23 89
23 124
23 270
23 362
23 496
24 74
24 84
24 86
24 123
24 147
24 166
24 258
24 376
24 417
24 435
25 56
25 65
25 131
25 182
25 219
25 277
25 352
25 368
25 416
25 463
26 63
26 102
26 209
26 348
27 73
27 184
27 205
27 215
27 246
27 327
27 365
27 469
28 30
28 99
28 196
28 281
28 314
28 340
29 39
29 91
29 418
29 451
29 464
30 145
30 196
30 304
30 340
30 426
31 160
31 252
31 253
31 254
31 308
32 39
32 95
32 188
32 457
33 250
34 92
34 398
35 190
35 391
36 44
36 57
36 229
36 230
36 286
37 52
37 54
37 82
37 85
37 137
37 195
37 221
37 382
37 487
38 67
38 176
40 135
40 204
40 240
40 261
40 289
40 380
40 422
40 434
40 493
41 180
41 223
41 293
41 298
41 319
41 336
41 473
42 53
42 103
42 265
42 307
42 310
42 335
42 444
42 489
43 66
43 117
43 236
43 262
44 128
44 172
44 286
44 325
45 64
45 124
45 480
46 50
46 79
46 187
46 316
47 83
47 257
47 468
48 197
48 346
49 107
49 193
49 424
49 433
50 88
50 187
50 332
50 402
51 119
51 207
51 231
51 284
51 296
51 377
52 80
52 122
52 170
52 297
52 393
53 178
53 222
53 307
53 335
53 459
54 85
54 221
55 326
56 239
56 366
56 431
57 108
57 210
57 244
57 329
57 350
58 263
58 272
58 275
58 318
58 364
58 396
58 441
59 133
59 343
60 149
60 388
61 171
61 202
61 234
61 460
61 466
61 494
62 78
62 94
62 125
62 497
63 75
63 491
64 480
65 182
65 219
65 277
66 104
66 117
66 291
66 378
67 153
67 241
67 410
68 228
68 237
68 248
68 363
69 264
69 328
69 371
69 407
69 446
70 164
71 157
71 245
71 282
71 338
72 159
72 175
72 300
73 251
73 437
73 479
74 147
74 166
74 417
74 435
75 232
76 208
77 305
78 125
79 141
79 150
79 194
79 404
80 122
81 127
81 136
81 322
82 98
82 218
83 468
84 96
84 123
84 413
84 472
85 195
85 200
87 120
87 462
88 186
88 375
88 402
89 129
90 167
90 287
90 373
90 383
91 148
91 418
92 238
93 134
93 283
93 445
93 448
95 188
95 457
97 100
97 242
97 442
98 392
100 280
102 348
103 198
103 476
104 378
105 204
105 206
105 358
107 186
108 399
108 432
109 110
110 226
110 415
111 345
112 247
112 355
112 361
113 173
113 323
114 181
114 390
115 227
116 347
117 262
119 296
121 443
122 393
123 413
123 472
126 217
127 334
127 439
127 453
129 315
130 276
130 401
131 482
132 202
132 323
132 385
132 408
134 220
134 295
137 487
138 349
138 470
139 143
139 151
139 299
139 309
140 390
140 427
141 481
142 449
143 151
143 169
143 256
143 351
144 235
145 165
146 152
146 278
146 370
146 454
150 194
151 169
151 256
151 351
152 278
153 410
153 486
154 374
156 211
158 177
158 191
159 273
159 436
160 252
160 254
160 499
166 258
170 297
170 311
170 411
171 234
171 460
172 179
172 313
174 317
174 400
175 436
176 360
178 222
178 420
178 427
178 428
180 336
180 397
185 440
186 375
187 332
189 429
191 301
192 290
193 213
193 268
195 200
195 224
196 465
200 224
201 225
201 341
202 408
202 466
204 358
205 469
206 359
210 244
212 498
213 268
215 327
217 430
222 420
222 459
225 306
225 341
225 492
228 237
233 357
234 494
236 485
240 493
241 471
245 272
245 354
247 467
248 363
249 372
250 266
254 499
260 357
261 289
264 269
265 310
266 495
270 353
271 312
272 318
272 354
272 412
278 370
278 454
281 483
282 338
297 311
297 356
297 423
298 319
299 309
299 438
300 455
303 331
304 403
306 492
308 500
311 356
311 411
314 483
318 412
321 369
323 385
329 484
334 439
336 397
339 387
340 465
342 421
356 423
361 394
364 396
371 407
373 414
376 456
380 434
391 478
394 452
396 441
399 432
406 477
407 446
417 456
417 461
420 428
444 489
451 464
456 461
