0.459086968279252 -0.233846555840588
-0.47015107143621 0.343087941539526
-0.613859562484715 0.0700390302629329
0.141865084171193 0.625927358895929
0.618314968688433 -0.267140257068857
0.314752416212706 0.619285441385487
0.663043741773618 -0.172115980763112
-0.304351784422759 -0.585148318678382
0.629674600704259 -0.312607198547559
-0.18212165594013 -0.686541388531731
-0.179347198027416 0.722821103297175
-0.72238981964179 0.0147264359787345
0.644843254319854 -0.312896082750644
-0.567325186304989 -0.455858023863709
-0.655841529093636 0.394221585032915
0.0196036478143344 0.736680847878786
0.715556929351277 -0.304567596542836
0.725054421209982 -0.219164373063138
-0.568754375171215 0.461692008722396
0.118446606300964 0.758336829192604
-0.682278278602303 -0.289064207653733
0.69691536396097 -0.349097156591758
-0.0799122381534635 0.802924025771798
0.694363992757232 -0.332219552699371
0.205144969305347 0.744101760548248
-0.781129800985653 0.167380866118553
-0.564568704932913 -0.529301253036923
-0.618977406104319 0.476552988573231
0.726471159474238 -0.334919758814692
0.719303737650264 -0.308900659095602
0.384982252859551 0.645401191569242
0.675554717090344 -0.336152035681287
0.748275777228948 -0.235359871429799
0.674341164324031 -0.350908013007797
-0.638303078553125 0.495069043447244
-0.689991534760555 0.487948049204868
-0.648033053979534 0.508259441151645
-0.768769585914242 0.16344659145646
0.713704359208502 -0.33268631306308
0.701129217208929 -0.33213887631217
0.708427532536863 -0.389967804026665
-0.370912677684636 0.696230642558902
-0.426572867451658 -0.66523595971858
0.71885194073041 -0.207617465086257
-0.808622248483673 0.0382758984143048
-0.819925752965442 0.0833771707993118
0.140514992010824 0.833642596619259
0.760238013657134 -0.370486982249057
0.570162913936246 0.595890327400996
0.744975702146612 -0.355118586815827
0.281580634365426 0.759874485371979
-0.785462317662142 0.202682447686273
0.0771246177293929 0.842488866061952
0.753776781251145 -0.384791955069799
-0.794285410666007 0.226101724537986
-0.682020643641311 0.501593586036414
-0.722798598254544 -0.370001619475282
-0.251168387433829 -0.760627324434245
0.286615198523746 0.760574075613629
0.785090631978862 -0.213333975742435
0.788999567430003 -0.307778250562132
-0.62587536753754 0.501583276711031
0.736657456392071 -0.289764758436848
-0.690051301714294 0.524844584237137
-0.672271072600377 0.547669724306285
0.73892067566727 -0.342211299718757
0.27852403521768 0.753230775575382
0.405995698032063 -0.645730359888889
-0.80735580288002 0.111801517119274
-0.795313847603977 -0.118306903625393
0.752734160022359 -0.341031623497078
-0.321992684318771 0.761655441381503
0.780669019971688 -0.37776044320454
-0.673519886366853 -0.546601554570939
-0.620943310319906 0.497063375734257
-0.324942959019318 -0.748280318073989
0.207121060561835 0.821488696953032
-0.641954441250353 0.485764410629111
0.774535112286717 -0.390834454691626
-0.679672163962425 0.539402054107571
-0.0113096738283518 0.827372214550824
0.625681804962895 -0.487044870333756
-0.673932515421158 0.513856450948008
0.793601749948137 -0.351221322265611
0.806607636763823 -0.320615545805721
-0.313220826498683 -0.766438186006806
-0.329396027552777 -0.760186251736388
0.48983185660021 -0.62510727214505
-0.827700877730127 0.0462012160453391
0.807406778291173 -0.190117357028876
-0.842057533671549 0.0982800717536758
0.824412174848964 -0.198863199595537
-0.359049513947055 -0.768611365892392
0.767674324778359 -0.405382694161123
-0.659875774141246 0.533589568442535
0.804641800479439 -0.326279187924104
0.716974266759444 -0.390673963823548
0.853963584240635 -0.157794264168596
0.408014242393331 0.744411234945681
0.670638995261442 -0.447026700346178
-0.365838271501402 -0.745002401933919
0.756491385283534 -0.309103722873302
0.740433097043248 -0.29376312430544
0.725605910382556 -0.403939776088068
0.792226333909538 -0.250685444684354
-0.692457092743351 0.524310095272986
0.464685229717565 0.710744128628212
0.73733563252375 -0.353958250640421
-0.844845535777946 0.0882471391816189
0.211092272956384 0.804170350885289
0.0369205020552499 0.848909016429562
0.74358746069333 -0.342249068333355
0.747918586495907 -0.364200144133095
0.7719320805644 -0.311302140211467
0.762860708655556 -0.334045318342499
0.794042128618702 -0.252556929382365
0.66183868609492 -0.445367868862819
0.764007155189393 -0.372501031399404
0.743819585351947 -0.343331817435537
-0.832889043397308 0.0363279572200109
0.221911445780438 0.804056076795039
0.762337551488033 -0.416513155974939
-0.776328766375586 -0.390125673491464
0.761835692573354 -0.377519405005579
0.735906125259655 -0.426384320015283
0.20846710373438 0.843603762504
0.793807840645174 -0.30606173882215
-0.849565997686254 -0.0498194684591876
-0.862613783858172 0.106129932546921
0.739106897148067 -0.354872629536396
0.794068935517151 -0.353637829584981
-0.842056413126259 0.124986107020259
-0.138424318123046 0.858301706021141
0.522325401824734 0.69516620472233
-0.653600815431886 0.518917173939296
0.735894562183433 -0.394509631986261
-0.869425266837817 0.0203766021173918
0.781162437051765 -0.338966770962971
-0.869440192745871 0.0249747975282212
0.69316930199277 -0.439068833518454
-0.387530453998039 -0.77884754665039
0.778502391518321 -0.303008033398577
-0.663848816491511 0.533710827957368
-0.403393094497364 -0.732015578921399
0.856136635278925 -0.155066647942993
0.736680916189574 -0.362768069278915
0.793857729414891 -0.356422016685752
-0.23635803168276 -0.837622635174285
-0.835853359676002 0.16528025421124
0.73898142726647 -0.391361910782664
0.785712241505541 -0.374649216231373
0.710693232191445 -0.441417984433152
0.761306494375125 -0.38314931987677
0.821388703809816 -0.288538118453182
0.42133340956331 0.723244188041668
0.701341944955895 -0.457586277843248
0.431735592533962 0.735129008634165
0.411503511795864 0.74692115489118
-0.708105696920443 0.506701874748577
0.74720508815586 -0.342054998465221
0.745926340958247 -0.381462894012321
0.794568271614351 -0.356437218160071
0.739318338834139 -0.394937339659004
0.779146679396927 -0.389283177212649
0.698047931782469 -0.490273721185651
0.756362604703633 -0.322853037536346
0.443168286943287 0.749957652244319
-0.415554911890007 -0.745226875063438
0.789508956119323 -0.324239469292677
-0.853050132534553 0.034127495695613
0.0141512996464374 0.853849828984855
0.775226869866058 -0.358720910658958
-0.788079567013449 0.330125212498786
0.782172388400123 -0.302346513611085
0.436275190620306 0.754136066921821
-0.870490015288976 0.0390640243002233
0.785757037024946 -0.376942096328411
-0.321986764525743 -0.774702887503902
0.768605461999434 -0.337211851192908
0.228826046834909 0.841045599006597
-0.506044880180698 0.688739728264903
0.77579533390868 -0.359129993700281
0.807788417919849 -0.327743081088728
0.793012124779352 -0.276075004482704
-0.651826538791828 -0.529925166059102
-0.759295017271652 0.360244406177006
0.787315659408327 -0.333695827610958
0.807632427490418 -0.328458709012429
0.77912997986613 -0.391571654119511
0.809303798368701 -0.27682040073803
0.793018716964819 -0.362917140708336
-0.4192595311456 -0.728784273841515
-0.668923004028726 -0.559771592695911
0.28274189640128 0.807489793753624
-0.242158908406686 -0.820804285830598
-0.140150138259433 0.861030711943851
-0.660010820314623 -0.54508854419583
-0.673651974130893 0.528489709643243
-0.362553002870235 -0.793589342731759
0.779168180492857 -0.355492963686864
0.801393698230229 -0.345266128175068
-0.871975000364182 0.0362085154060368
-0.862720827689948 0.132567729072572
0.794630343160029 -0.275792686275272
-0.703258230796236 0.517202418259581
-0.872399115684007 0.0346179440248231
0.0722773157991253 0.870207930058474
0.789784890018581 -0.231395684479005
-0.873297985579824 0.00654328798397927
-0.841571818507119 0.160007959482013
0.768219718843577 -0.343402508053724
0.765119955019814 -0.351084223896945
-0.308790737721517 -0.817034827535393
-0.84015511165225 -0.0581726996756161
0.790725533328364 -0.290805858329569
0.820502773839496 -0.29979557306765
-0.870345032741656 -0.0761931251203509
0.14113908341496 0.845156945927754
-0.426656661794917 -0.743328271660854
0.784468603481908 -0.345748002708854
0.769961731112826 -0.377424166691118
0.747659925129604 -0.389081152693591
-0.856164814456209 0.0512529062998053
0.362822774022893 0.794901448639884
0.803443954395734 -0.343785451397694
0.20385276587773 0.833331682759218
-0.657574061657831 0.527764058735796
-0.873312122285769 0.035180253168868
0.163764961627764 0.827449802799271
0.799301771590692 -0.312193140840038
0.809985530212651 -0.328687377193633
0.805118276961828 -0.340728491435216
0.796301667339513 -0.320311473275122
0.781219185544722 -0.392691335283854
-0.673028588188264 0.532985843520135
-0.843263952021032 0.162143849216533
0.799107430893219 -0.355154809956763
-0.6509995543435 -0.584041184116819
0.791239666447235 -0.372881207911087
0.773619817199434 -0.408421658541364
0.811413103780762 -0.327260001959314
0.34492742201545 0.804182235546487
-0.400940374779952 -0.742487165428904
-0.676870401400187 0.554728149707196
0.785616490435174 -0.347177957967308
0.78479232102338 -0.387517677614086
0.0527117965453242 -0.857488270958514
-0.275351043441621 -0.813992101330555
0.805030931910143 -0.343781079510422
0.325099567734467 0.795641948879366
0.746201047146146 -0.426910055724275
0.759854915308279 -0.434823247896377
-0.772627652699753 -0.340043910106372
0.840635684815314 -0.180914577879503
0.449435270079486 0.751430923724073
0.788066717887197 -0.381811895372493
-0.719559632129897 0.471126863937257
-0.681305851551488 0.550309033156642
-0.302066183890534 -0.822168584497156
-0.665627477109606 0.544970389401492
0.767434563815475 -0.389128366305526
0.788412343113683 -0.345115460941459
0.763193149917998 -0.430032665086979
0.225627980565031 0.846563561793407
0.208916126891691 0.850950724784986
0.807831102884326 -0.339641715040494
-0.697330853946222 0.530905866461596
0.76793905098596 -0.422592030016305
-0.677875240044261 0.530569384977165
0.306914030812938 0.821158036603535
0.811638613468317 -0.287366501850563
0.8036967805492 -0.309393450123932
0.774164082676776 -0.377673057773325
-0.304409169677482 -0.822200353924577
-0.434407875281036 -0.761675177724818
-0.726872262180479 0.462532065316829
0.712788682018001 -0.484274542393807
0.271745860936061 0.833782751747935
0.499581873595152 -0.720858485299744
0.830135731153592 -0.283324008570073
0.710040037782481 -0.488611453935023
0.813672707347395 -0.284853215444478
0.0367483217261786 0.876484752226189
-0.861813599331329 0.164410252850692
-0.693227661873947 0.537927126219504
0.338408891390343 0.809682472442067
0.772936839443491 -0.415752759505727
0.789953494569332 -0.382661675487507
-0.461375458380783 0.746835507256873
-0.695913782804481 0.535264464816542
0.512226388384502 -0.713162652320894
0.765201411408578 -0.430831517630347
0.798422009915752 -0.325625113253579
-0.27953306284705 -0.815888269635738
-0.663662205898365 -0.575215599734467
0.818093263668877 -0.273563529739695
0.768758714093907 -0.424854592527151
0.78192941054 -0.4003099106207
0.857164393619733 -0.192614753433937
0.78662355231218 -0.391437883202124
0.805236685822346 -0.351798915810281
0.813214545392175 -0.333194315562608
0.829409250603768 -0.290832912100981
0.783084849814561 -0.39930957459173
0.787019656071104 -0.39170908285558
-0.665588242353015 -0.549003920238926
-0.241996730772526 -0.845244847843821
0.261066891332379 0.822529488024782
0.231945584443645 0.848155201476372
0.707434589831567 -0.522366191391459
0.248827477263055 0.826493497175737
-0.851363886495163 0.220620075549749
0.00632612632085498 0.879554789866251
0.205127928794929 0.855418940213022
0.0190240588203915 0.84425069862387
0.843506823021978 -0.183839800613215
-0.27596623731194 -0.818190680512041
-0.423013731799292 -0.771388500051567
0.78607998346347 -0.357718401498061
0.831530246332133 -0.287575235318862
0.786066606415531 -0.395476950150611
0.795945521564244 -0.375411173936005
-0.872468705066723 0.115847804479673
0.217988090873712 0.852796881189984
0.772211599182913 -0.422645231924149
-0.85568859833418 0.118196433982574
0.796323316752474 -0.375455439148875
0.79044589461684 -0.34879248295442
0.805091224379767 -0.356487095231938
0.501830057345313 -0.723587101962395
-0.442996817810594 -0.761131887548285
0.228186049551767 0.850678993259468
-0.876865571052519 0.0835796033202851
0.156435122826406 0.849867558470945
0.859542437600642 -0.192925382311546
0.79941898798073 -0.370292835334614
-0.831946820641202 0.290181946172106
-0.877893458046997 0.0761393510472489
0.852554482028625 -0.223153559746738
0.833242013683041 -0.287239305908535
0.78838618084282 -0.354229218472902
0.793670189987456 -0.342638933522794
0.780621555159614 -0.371786118694281
-0.379914742835029 -0.795370960181902
-0.691937630141406 0.546189973241693
0.808824699499612 -0.350790913588041
0.823307397581324 -0.315541715760441
0.865195726839025 -0.170257115386113
-0.870161139244758 0.143247030300196
-0.371485394928231 -0.799904504441872
0.808593658149835 -0.352381774263725
0.333696965694394 0.816572391066464
0.232889773074735 0.850913344106203
0.861171532711004 -0.191888783972653
-0.817105042846799 0.333051245815322
-0.704389299529075 0.531568519368105
0.809517784089327 -0.351504555150395
-0.686642072180204 0.525734870087801
0.806762109271201 -0.35798609210564
0.505718097827079 -0.723472548556977
-0.271080248422573 0.840132451683443
-0.882043807962423 -0.0380658648183893
0.0217413546155636 0.864684806110639
-0.411994896669135 -0.780931038004197
-0.331834836055367 -0.798945944376899
0.836171990312833 -0.283816521819346
0.774699644490416 -0.42393131051084
-0.665025208160598 0.581171399356773
-0.703602741487089 0.533950263004797
-0.677830816507297 0.566432358537205
0.785732622542551 -0.403812537691615
0.79073673565464 -0.39410072313825
0.17715094052049 -0.865642371595028
-0.715670225102276 0.486333294367482
-0.792735737532817 -0.390420274923581
0.807416387886444 -0.359270166252813
0.814952310832136 -0.342033492830771
0.17813911431412 0.865758689883506
-0.548781305270257 0.692999119204529
-0.693440869858233 -0.548347593031298
-0.701056646131659 -0.538703166942343
0.818049131707303 -0.335578488381289
0.775649800348464 -0.424641088580277
0.815244944412501 -0.342729186838923
0.782323118352791 -0.412544165607124
-0.70027958738476 0.540337648347569
-0.688629073700543 0.555229673157275
0.769872825741174 -0.435797124395436
-0.386590680287865 -0.774290031546455
0.746634584586258 -0.474650403031928
0.132593960036594 0.874818583897834
-0.261357728784085 -0.845406976647448
-0.32450358550803 0.80246296268587
-0.238372811894583 -0.852250508648109
-0.372465229573255 -0.802840888992152
0.16813382670731 0.849264920160963
-0.215032020374485 -0.838778973331863
-0.689100384166581 0.555477651446742
0.756955323665428 -0.420803016217147
0.793868759666481 -0.391558019716168
0.787940533778246 -0.403515980610461
0.51031348204813 -0.723453755156702
-0.344727618680205 -0.815535054225305
-0.744466344202641 0.479409434212849
-0.816331683813515 -0.217385522474908
-0.698376352605025 0.544483811065814
0.735057864861442 -0.493974001815983
0.801326742734226 -0.377258111878497
-0.70282923056791 0.539079569592297
0.359108165865213 0.809780303932425
-0.883908044129574 0.0594652864842227
-0.754894368838765 -0.463778405683097
0.814386949764222 -0.349078521462157
-0.716067556210199 0.521972038398833
-0.729467423611146 0.503199865843643
0.789526048792 -0.402624338272307
0.799824493611641 -0.381920243522151
0.79534216320884 -0.3913276541358
-0.717887792660057 0.52006484972523
-0.312228820521089 0.829739105002102
-0.864970339237689 0.0463576135790565
-0.882342171751937 0.0868864036092155
0.798379776612055 -0.385732386802721
-0.862650993210709 0.0801295230846933
0.783482407802788 -0.415304102359781
0.850784479136439 -0.250219990314927
-0.684728527010994 -0.563660240000447
-0.827196602132072 -0.258063203327865
-0.406968483182264 -0.78807619005328
-0.668702615587499 0.551316259731222
0.0172609442525886 0.886854301651684
0.45770889897369 0.759889322308025
0.849286937061543 -0.25643967184596
0.799469947666051 -0.384730376038383
0.836195267027725 -0.296760599769094
-0.709471052856629 0.532972409905818
-0.108571533383436 -0.880761058652006
0.470489395480035 0.752519950421719
-0.217418418990093 -0.860519713614681
0.849829427058798 -0.256267370178423
0.136580512707929 0.87712401246588
-0.261897901546891 -0.848249778047768
-0.770011475654358 -0.441947542546127
-0.884975781242702 0.0719024097212198
0.788110727434536 -0.409084392752987
0.497369399905197 -0.735668670087694
-0.872471774867726 0.165811798673139
-0.884214501681858 0.0835511273224102
0.781819930225814 -0.421531595929538
0.396760315299637 0.794749926489359
-0.884079061465966 -0.0869770188433092
0.843186385211116 -0.279842449946453
0.727904574765348 -0.509454600312123
-0.66121794087038 0.560503556654242
-0.38845098811033 -0.799129881984974
-0.861163553005777 0.219119715097002
0.827272436894633 -0.324575884391333
0.734094798764199 -0.500945896611778
-0.877567614254947 0.140817344137095
0.861097345576686 -0.220404137265829
-0.683122939604214 0.568789553842815
-0.819839889729748 -0.343733404380864
-0.702364772878698 0.545055155204458
0.833927401044703 -0.308346385252837
-0.371114863259659 0.808020345704642
0.785965463307043 -0.415922877626277
0.789978571771486 -0.40838406865533
0.809071847060976 -0.369264530769025
0.181353022944709 -0.870731990946453
0.787567679975956 -0.413412090985331
0.795127262783958 -0.39881580995708
0.781068016546765 -0.425820260398376
0.255216445394912 0.852269413890128
0.859141369150222 -0.231263626730956
-0.685362095578895 0.567444665155639
-0.812177327265074 -0.363579780399774
0.238129257983401 0.857452078954842
0.791757307634285 -0.406395186804191
0.329116387346447 0.82693765483684
0.849032046899187 -0.267197668152931
0.797126612185909 -0.396163394062648
-0.677417516801144 0.577553262420665
0.77316800141177 -0.441338000172574
-0.888495924763687 0.0569950958053859
0.869667678152074 -0.190936573699997
-0.88594044497521 0.0894041774785353
0.84040453788041 -0.294463008458808
0.798256431872659 -0.394815565416222
-0.704393734270646 0.545001174795242
0.862190298309883 -0.223447077330019
0.811109954739562 -0.368110016949585
-0.855634141688024 -0.247786075686095
0.809482335991073 -0.371953219018377
0.732075737483804 -0.50771924925118
0.824602793201685 -0.337411580206209
0.173876245823547 0.873891160443323
-0.275966695910941 0.847268086134897
0.779546689363573 -0.431775004879112
0.813355644563707 -0.364248420480829
-0.879161960375323 0.146287174582739
