1 2
1 3
1 4
1 5
1 8
1 9
1 11
1 12
1 13
1 14
1 15
1 17
1 19
1 24
1 26
1 27
1 31
1 33
1 35
1 38
1 41
1 43
1 44
1 46
1 48
1 53
1 54
1 55
1 65
1 76
1 80
1 83
1 93
1 94
1 99
1 105
1 106
1 107
1 108
1 111
1 112
1 113
1 116
1 123
1 131
1 135
1 137
1 142
1 156
1 158
1 166
1 170
1 171
1 173
1 175
1 176
1 204
1 207
1 208
1 211
1 218
1 220
1 221
1 224
1 228
1 231
1 233
1 238
1 239
1 243
1 245
1 249
1 257
1 270
1 279
1 294
1 305
1 316
1 320
1 325
1 326
1 329
1 336
1 337
1 345
1 351
1 359
1 368
1 383
1 390
1 393
1 400
1 408
1 409
1 416
1 418
1 424
1 427
1 431
1 439
1 442
1 450
1 460
1 474
1 475
1 489
2 3
2 4
2 5
2 6
2 7
2 8
2 9
2 17
2 22
2 25
2 31
2 40
2 45
2 48
2 64
2 68
2 73
2 110
2 119
2 120
2 138
2 152
2 153
2 167
2 179
2 189
2 232
2 252
2 267
2 273
2 296
2 301
2 303
2 314
2 352
2 362
2 364
2 412
2 413
2 428
2 429
2 436
2 441
2 455
2 469
2 497
3 11
3 12
3 15
3 21
3 42
3 46
3 53
3 54
3 55
3 76
3 83
3 90
3 97
3 105
3 107
3 125
3 142
3 146
3 177
3 178
3 185
3 195
3 211
3 213
3 228
3 239
3 243
3 247
3 277
3 280
3 305
3 308
3 316
3 334
3 363
3 407
3 411
3 431
3 451
3 464
3 482
4 7
4 10
4 25
4 40
4 64
4 68
4 110
4 124
4 138
4 153
4 167
4 179
4 202
4 225
4 273
4 296
4 314
4 324
4 364
4 389
4 413
4 497
5 6
5 20
5 22
5 23
5 28
5 30
5 58
5 60
5 62
5 71
5 72
5 100
5 114
5 121
5 133
5 147
5 151
5 161
5 164
5 274
5 275
5 285
5 322
5 375
5 457
5 495
6 20
6 28
6 37
6 45
6 56
6 70
6 73
6 81
6 85
6 86
6 100
6 117
6 119
6 152
6 232
6 268
6 282
6 352
6 387
6 391
6 452
6 455
6 472
7 10
7 29
7 57
7 74
7 140
7 141
7 145
7 160
7 174
7 190
7 223
7 235
7 241
7 313
7 361
7 448
7 471
8 19
8 24
8 27
8 34
8 38
8 44
8 52
8 63
8 67
8 77
8 103
8 104
8 126
8 130
8 143
8 149
8 159
8 168
8 198
8 212
8 229
8 240
8 246
8 250
8 295
8 297
8 307
8 335
8 373
8 378
8 406
8 443
9 14
9 18
9 26
9 39
9 61
9 82
9 84
9 87
9 88
9 127
9 132
9 136
9 150
9 162
9 172
9 199
9 209
9 271
9 284
9 331
9 365
9 374
9 385
9 392
9 432
9 435
9 437
9 447
9 480
10 29
10 57
10 140
10 141
10 145
10 313
10 361
11 21
11 125
11 146
11 194
11 195
11 213
11 244
11 404
11 407
11 411
11 451
11 467
12 13
12 16
12 90
12 185
12 222
12 247
12 277
12 279
12 302
12 333
12 360
12 372
12 384
12 433
13 16
13 80
13 92
13 94
13 163
13 182
13 261
13 265
13 283
13 317
13 320
13 321
13 323
13 355
13 356
13 358
13 417
13 427
13 440
13 444
13 466
14 18
14 39
14 61
14 136
14 150
14 271
14 331
14 374
14 385
14 392
14 435
14 447
15 42
15 97
15 177
15 178
16 92
16 163
16 222
16 265
16 283
16 317
16 330
16 356
16 386
16 433
17 41
17 137
17 170
17 173
17 233
17 238
17 319
17 345
17 390
17 393
17 439
17 442
17 475
18 82
18 87
18 118
18 127
18 132
18 162
18 180
18 262
18 306
18 353
18 415
18 437
18 480
19 32
19 67
19 89
19 101
19 155
19 159
19 205
19 276
19 311
19 379
19 422
19 434
19 477
19 484
19 492
20 23
20 58
20 60
20 62
20 275
21 244
21 404
22 71
22 75
22 129
22 133
22 245
22 249
22 257
22 370
22 402
22 423
22 438
22 446
22 478
23 30
23 151
23 289
23 350
23 454
23 495
24 34
24 103
24 130
24 143
24 149
24 297
24 406
24 426
25 124
26 32
26 36
26 79
26 91
26 109
26 181
26 254
26 278
26 300
26 369
26 449
27 52
27 126
27 212
27 295
27 341
27 395
27 425
28 37
28 56
28 147
28 197
29 190
29 223
29 241
29 270
29 288
29 424
29 458
29 471
30 72
30 186
30 260
30 289
30 350
31 33
31 35
31 51
31 59
31 134
31 214
31 272
31 292
31 348
32 36
32 66
32 101
32 144
32 405
32 453
33 49
33 51
33 59
33 69
33 96
33 165
33 227
33 281
33 371
33 380
33 398
33 479
33 500
34 77
34 104
34 246
34 335
34 344
34 373
34 378
34 399
34 468
34 485
35 134
35 208
35 272
35 348
35 383
35 396
35 461
35 494
36 66
36 79
36 109
36 181
36 254
36 290
36 300
36 421
37 70
37 85
37 86
37 128
37 236
37 312
37 490
38 198
38 226
38 294
38 351
38 367
38 403
38 496
39 84
39 172
39 284
39 432
41 43
41 47
41 154
41 192
41 463
42 359
43 47
43 154
43 192
44 65
44 99
44 112
44 193
44 226
44 354
44 377
44 388
45 81
45 98
45 237
45 291
45 452
46 175
46 176
46 191
46 220
46 329
47 463
48 49
48 50
48 169
48 248
48 293
48 338
48 410
48 476
48 498
49 50
49 69
49 102
49 253
49 287
49 470
50 102
50 169
50 219
50 248
50 293
50 498
51 96
51 281
51 479
52 63
52 78
52 95
52 168
52 210
52 256
52 397
53 123
53 131
53 450
54 111
54 231
54 381
54 418
55 325
55 416
56 197
57 74
58 164
58 457
59 214
59 234
60 161
61 199
61 263
61 365
62 114
62 255
62 340
63 78
63 95
64 324
64 389
65 108
65 139
65 304
66 144
66 405
66 453
67 89
67 205
67 445
67 492
68 301
68 412
69 287
69 470
70 128
70 236
70 312
71 75
71 129
71 242
71 487
72 121
72 186
72 260
72 315
72 459
73 117
73 387
74 160
74 235
75 242
75 375
75 487
76 482
77 344
77 399
78 210
78 251
78 481
79 91
79 115
79 449
80 93
80 135
80 203
80 264
80 298
80 327
80 346
81 98
81 237
82 88
83 116
83 148
83 224
83 299
83 318
83 332
83 414
85 391
86 490
87 118
87 122
87 188
87 206
87 258
87 269
87 339
87 342
87 347
87 419
89 445
90 360
90 384
91 115
91 216
92 261
92 358
92 444
93 106
93 203
93 264
93 328
93 346
94 182
94 440
94 466
95 256
96 165
96 184
96 227
96 349
96 398
96 483
98 291
99 304
100 274
100 322
101 155
101 276
101 311
101 422
101 473
102 219
102 253
102 382
103 250
103 394
104 307
105 207
106 113
106 200
106 328
107 158
107 166
107 183
107 201
107 286
107 420
108 139
108 157
108 218
108 409
108 462
110 120
110 267
110 469
111 381
112 193
112 377
113 200
114 255
114 340
115 216
115 310
116 148
116 332
116 414
117 268
118 122
118 306
118 347
118 419
119 189
119 252
119 428
119 488
120 303
122 188
122 206
122 258
123 337
124 202
125 464
126 341
127 262
129 370
129 478
130 240
132 180
132 415
133 438
133 446
134 292
135 298
135 401
137 156
137 217
138 441
139 157
139 230
139 456
141 174
141 187
141 196
142 171
146 194
148 299
149 229
150 209
150 215
151 454
152 282
153 225
156 217
157 230
158 201
158 266
158 286
158 493
163 330
164 285
165 184
165 349
166 183
166 420
166 460
166 491
169 338
169 410
169 476
170 319
170 474
174 187
174 196
175 191
175 221
176 204
177 280
181 278
182 323
185 372
186 315
187 448
188 269
189 488
190 458
193 388
199 263
201 266
203 327
205 434
206 339
206 343
208 396
209 215
210 251
210 481
212 395
212 430
212 465
214 234
216 310
218 462
219 382
221 408
224 318
224 336
224 357
224 376
226 354
226 366
227 371
227 500
228 326
230 456
232 472
239 308
240 443
241 288
245 423
246 468
249 259
249 309
250 394
254 290
256 397
257 259
258 342
259 309
260 459
262 353
265 417
270 489
276 473
277 302
278 369
280 334
281 380
286 493
294 496
297 426
298 401
300 421
301 429
302 333
303 362
311 379
316 363
318 357
318 376
318 486
320 321
321 355
330 386
335 485
336 368
339 343
345 400
348 461
348 494
351 367
351 403
354 366
362 436
370 402
376 486
379 477
379 484
395 425
395 430
398 483
414 499
430 465
451 467
460 491
486 499
