0.0461736371856367 0.500871237888688
-0.237590156969454 0.521059495430332
0.410025846550274 0.451639243516216
0.548575270482779 -0.355031174325729
-0.309374895828525 0.660369483379146
0.580641297355443 -0.388430060485803
-0.147389125723424 0.617608112846834
0.606497705873218 -0.420447403598025
-0.36898589974243 0.688622206648285
0.706137994008634 0.00359150672273992
-0.239755958292209 0.721733563688594
0.615582364430731 -0.414033988554712
0.241217114290019 0.73546894642515
-0.261043939998826 0.698286369331167
-0.271303404296741 0.734380172784538
-0.499562761689645 -0.443446674017942
0.647145997714503 -0.29892961638933
-0.505893665523999 -0.571234194599595
-0.377590650933593 0.687624999218268
-0.125657430815978 0.668191452830706
-0.345694037286931 0.664303098057281
-0.293706111787444 0.624307673224969
-0.370236868944792 0.760609415436072
-0.472456698629871 0.649488511381278
0.622544537936924 -0.44536633831122
-0.26890249109263 0.666671640154717
-0.489679338201971 -0.591302832291325
0.668254159619167 -0.47069226898753
0.677480720733169 -0.256167922328446
0.803843430543028 0.0219781179897653
0.688559008915747 -0.465729550045041
0.709459746320986 -0.258330045108713
0.662491481800909 -0.45750726270557
-0.499498494255806 -0.606882763690616
-0.393539279607006 0.647656560294951
-0.252399454502205 0.829669291608686
-0.708321404610722 -0.344111931659811
-0.160027102341586 0.772514627168528
-0.454115816354091 0.651572531886175
0.80597297141653 0.0118901935181379
-0.546263968275606 -0.551061429902054
-0.347897122768598 0.646076446497924
-0.293772080873567 0.733671048179209
-0.471625360510176 0.702636066269044
-0.449700795358227 0.717229542245254
-0.0272308535500827 0.831306464612175
0.655186398123426 -0.471123454952852
-0.319874567548486 0.752948980606038
-0.214008266345834 0.766106723339387
-0.514696172841171 -0.608034599932585
0.75821845623825 -0.278912335402309
-0.559494489970722 -0.63571323318187
-0.168628661078985 0.830205701560305
-0.340099295269388 0.759558233624836
-0.368207566359112 0.746855940064119
0.289059603975028 0.755355518275292
0.740018691189063 -0.239387874479117
0.662097075513277 -0.356642357175567
0.328999813336115 0.765437394909464
-0.0332985899906876 0.808955609569764
-0.45062799955974 0.658333012505067
-0.270863659483942 0.772659294237864
-0.319729948978192 0.75448061416464
-0.245177667321238 0.752719692892335
0.785183819891488 -0.279958667806366
0.650381736720162 -0.463976436196857
-0.177962397210862 0.790708217027912
0.678008195835006 -0.44557795633944
0.655521391983364 -0.479421373356492
-0.197592200748627 0.754087962629075
-0.673368509433328 -0.373310621003438
-0.224949812342055 0.760368203263738
-0.333465634729526 0.696281788649807
-0.313813920121508 0.735900109075744
-0.453720686892924 0.739230535536225
0.704146080351168 -0.471553383957242
-0.329628747865818 0.766147061378366
-0.167662982784513 0.817473207609032
-0.434893770888993 0.750638309512953
-0.353607630230241 0.731988823239518
-0.309625944762026 0.759394789830143
-0.170094796243476 0.795727347300854
-0.15887528476454 0.83273381656041
-0.457906453461165 0.698156884072298
-0.48027241755634 0.68349040237624
-0.284669630544225 0.769788648490049
0.808665532411077 0.255431532550756
-0.445300446985751 0.69019152669246
-0.104253101864567 0.815363033199596
-0.455977780383197 0.715376381971514
-0.22729345099247 0.804281856869692
0.696784403253236 -0.484417390624441
-0.40638359631535 0.745323069253032
-0.592032640759289 -0.634312727003874
-0.276411396599958 0.774786967344575
0.790554975743062 -0.12948215466861
-0.359548321790079 0.769324606334531
-0.496109191242675 0.712035384723223
0.136078009295666 0.803020260845761
0.846022750651158 0.193974968059577
0.794443889020434 -0.30078465125054
-0.607586152494475 -0.574520044512038
-0.213585353717631 0.84144089827991
0.287848725414284 0.771257391917747
-0.179923419384402 0.803930243778039
-0.274284112886318 0.777438754522808
-0.361978664318011 0.730446288644397
-0.161512207704672 0.83426580612529
-0.318055804163009 0.773801779461061
-0.170369274556222 0.832783948625482
0.689300518239666 -0.474847350194306
0.868205316112181 -0.0109716832833992
-0.438577528025472 0.728470871089115
-0.47455625739102 0.663759054506159
-0.639260148107163 -0.587797021821295
0.37270976795369 0.784539999653017
-0.17732041320424 0.805699873783913
-0.346796106204543 0.796494470029261
0.702601676583732 -0.511151607236262
0.260893775863435 0.809577615090178
0.719050146114844 -0.488000805127792
0.729907888336692 -0.385703529233867
-0.288409880363021 0.80047414087118
0.297487327028817 0.816658271739742
-0.146783042054028 0.856816470426665
-0.472347554338747 0.708011863367904
0.79863175793207 -0.170718994301013
0.805299070943188 0.2762908663875
-0.611900123158031 -0.571727368584986
-0.381211288654824 0.761556165859411
-0.336730630997445 0.754366898780668
0.00629762071207434 0.869418828004802
0.814957193125444 0.303350171343824
-0.30432357112 0.795688405737924
-0.248976951802489 0.788275490774701
0.711259977278104 -0.469341705608264
-0.432599933888385 0.734483314209554
0.852373652234748 -0.0223658363957657
-0.334035781867232 0.784786870930473
0.713899537782056 -0.496760073083193
-0.290973763003038 0.802016549955203
-0.536257268679949 -0.596527049160911
-0.421161032560933 0.711961361004365
-0.0976336635006704 0.86437037129587
-0.335547171174309 0.767706419696564
-0.559501491783909 -0.644419912199642
-0.10204432281119 0.864002067364134
-0.363820354237801 0.790436788374111
-0.248899941785415 0.816570387064652
0.790363063450781 -0.279204068614579
-0.342691719887451 0.782123400370319
-0.484872976289355 0.703182717252183
-0.210933898021094 0.811659956491816
0.723416270704121 -0.483803918861401
0.836330402157157 -0.0669745197656869
0.710779335196697 -0.474099655814489
-0.588745608555186 -0.619486326510108
-0.378987512029702 0.748962410428531
-0.617840982596571 -0.55083868858822
0.813491380938663 -0.20843032683003
-0.206510443006597 0.829543293095219
0.705779553248944 -0.509424329052847
-0.261655852783265 0.830309320762931
-0.211076512465651 0.828635207346523
-0.313358994131304 0.795860395464478
-0.322229410227081 0.775891792344465
-0.252094860479053 0.788968765913402
-0.305844959468044 0.770287700798669
-0.559162031194123 -0.627534456613941
-0.27535830032887 0.810037385178425
-0.094272130587407 0.850580858292225
0.157578046167349 0.841387925676929
-0.667294172819979 -0.492393922110196
-0.132924059700408 0.860492198119489
-0.028019877950551 0.870383620586205
0.711981915389107 -0.475639465153369
-0.377204977591415 0.768928781875445
-0.348560312533136 0.765233741044415
-0.847037969942558 -0.128230063129546
-0.42106844243694 0.762423849153679
-0.249416434189925 0.803416036226102
-0.423296463664858 0.745060334372977
-0.464536148112407 0.73690555761627
0.710938400051523 -0.5036109469289
0.821737608275943 -0.181757638669228
0.824607295865782 0.233866388176088
-0.631706307523653 -0.579647385713525
-0.483519291719439 0.724913198536738
-0.235021471392664 0.839217802594109
0.843036358848497 -0.15717614609533
0.745401252255151 -0.391486925681963
-0.425646938576976 0.726842619309088
-0.297869743375461 0.804398163612729
-0.314138517726141 0.781906034784205
-0.435746842747423 0.721639435071791
-0.383203977390812 0.736020076106978
0.868675567990622 0.0717972520976968
-0.321336752839486 0.795544538549558
0.0294139667747618 0.857698308581082
-0.326597541466335 0.808279365604159
-0.551211568835338 -0.638261395933472
-0.303566875060285 0.802944218378406
-0.351288357477168 0.783471140389346
0.71472540516282 -0.499377025771121
-0.79831629935158 -0.350896249759866
0.701693045448897 -0.468408028573839
-0.308131331856332 0.771007329376489
-0.411972145539728 0.768727693579286
0.348701668145731 0.799559656970089
-0.42813750902637 0.760138752109512
-0.642522771905465 -0.547271044715623
-0.516524630682705 0.703234016554037
-0.30084490590431 0.804412058201343
0.777879162902425 -0.395552646217383
-0.339130639237446 0.804219747686668
0.817745919897667 -0.305435279513142
-0.33101253737497 0.807866892242231
-0.410027365239362 0.770917575909029
-0.493341988993729 0.720601963752261
-0.295527142308657 0.790924333080847
-0.662844039943438 -0.54642264747815
-0.578863157874178 -0.65405439019431
-0.357567142024839 0.797013596893355
-0.310010383590277 0.801364256079108
0.756689572678814 -0.407505667401306
-0.277397565632027 0.813656658243397
-0.473663176654754 0.734126972987435
-0.668656640805699 -0.562504091779708
-0.367599767989933 0.777303873692147
0.821507262303371 -0.298078475749518
-0.474602522193841 0.733954276649569
-0.389817089133051 0.766626144585911
0.804940311278037 -0.303453471601558
-0.206216895477095 0.84948312496723
-0.430772273017328 0.760783724635414
0.770639538673318 -0.413134434228285
-0.218992266000834 0.84664962022428
0.869295121263261 -0.0964682542187864
0.722225386115755 -0.493534879901464
-0.289351906311283 0.810324699251268
-0.361056510868684 0.781232627930542
-0.618816208202707 -0.618431776047599
0.834998360660012 -0.209278316700564
-0.44954273618249 0.734344848199492
-0.262672369294896 0.820172864760888
0.723162512898235 -0.492576536212579
-0.525706176496518 0.682378588126871
-0.218487354854807 0.833424253450386
0.770934383271048 -0.414076415899074
-0.37916880413584 0.788817277972531
0.73148622895951 -0.480761170556251
0.755182648267472 -0.346282920955419
0.457584613010158 0.746338132866262
-0.318396224913634 0.815615210446141
0.819542779002694 0.308469072586497
-0.399867430562014 0.779171325383298
-0.305668069828802 0.805743707603116
-0.484215260410402 0.729887017444019
-0.36169511569976 0.797855165891825
0.823336090892417 -0.299516011700126
0.710443856648762 -0.51289065238749
0.715502585707924 -0.480659064360763
-0.190381386468695 0.855416016252181
-0.210617632993297 0.850773409098972
-0.433396048746911 0.74529469514406
-0.380142490192053 0.754281408887845
-0.374707436495558 0.792440711315793
-0.605941150837301 -0.613554340537779
-0.174142385408826 0.844750498927111
-0.752832105783024 -0.449225720879389
-0.606116334109565 -0.633540944071713
-0.376825260347945 0.791798146110502
-0.401577444498325 0.779658141513064
-0.228908909655838 0.846711814309304
-0.649391436164534 -0.567920071503476
-0.723874255562347 -0.469638262204224
-0.399383023735287 0.765086248194499
0.819602556920777 -0.270967357079094
0.711707554637973 -0.512816453230489
-0.402297263935869 0.779649085325069
-0.367336001360369 0.781371868119799
0.0413848791050627 0.876452943910378
-0.129987039140367 0.867854706641584
0.700350109681416 -0.472762537656446
-0.198197040351819 0.854968757601157
0.863488814302745 0.0130029469728335
-0.231565496760682 0.846649608914516
-0.302834603703866 0.823961843150063
-0.287662918147369 0.829490821938052
0.795614235263482 -0.371463752197186
0.853437180375781 -0.206915338892815
-0.196534633975941 0.841105606505593
-0.373252932924014 0.795004512211999
-0.242190347332192 0.844318669252378
0.725888194060926 -0.494768706068144
-0.169311674826478 0.862103345016736
-0.18000428528384 0.860037949983624
0.368617000727183 0.797725420470671
0.722678877848039 -0.500156405073662
0.724475048646826 -0.497728116149196
0.878665425221878 0.0268321789684995
-0.0972488448214965 0.873779389475582
-0.41350925044925 0.77597169401234
0.824267272566789 -0.306396794307648
-0.151002733939659 0.866410193967541
-0.459333020042388 0.750102595768819
-0.560567778707924 -0.677920448708152
-0.555693329624252 -0.682047141319473
-0.481272709203517 0.717469034983256
-0.602145839241936 -0.641540451387759
0.777786002267771 0.41154885113609
0.309855923803132 0.806643374415318
-0.435327410942737 0.764841622890027
-0.652766492248804 -0.590387241597916
0.805759176878249 -0.31262380178117
-0.449604793201216 0.715814935265395
0.127736327086222 0.870926250517029
-0.188340525152636 0.859955962457666
0.848135029345828 0.236283912815547
-0.460294730380363 0.731714297131394
-0.505080993687869 0.72126445279794
-0.451274095110887 0.75620527804171
-0.463137854419624 0.730119338980168
-0.248504636433139 0.844929048019019
-0.196663223241683 0.842132232105861
-0.293271831805108 0.830551391977611
-0.395232535157092 0.78726042259392
-0.385821515676718 0.792018090481561
-0.425338365226602 0.77162216412012
-0.643382697621448 -0.60210814009113
-0.345348419759563 0.79302467346825
0.109447744452597 0.874447339230733
-0.0844756254735175 0.877303659559466
-0.437137022492427 0.765421053192551
0.728826835203604 0.49591266758166
0.735951400659518 -0.485440702026131
-0.223294831335524 0.852980196773217
-0.154950022783269 0.868092390752965
0.851728435552544 -0.228714115805819
0.799669118740473 -0.372072305429389
-0.365507109423946 0.802788602603275
0.731677561616259 -0.492817295325975
0.730140763670198 -0.495248249026757
0.721769393237773 -0.507523595840536
0.734503639607368 -0.489070578365682
-0.425624983030871 0.773099508196258
-0.430715293004245 0.77037467670134
-0.424764279321216 0.773770591657739
0.703757238266238 -0.503158344820135
0.736961899915988 -0.485988768452939
0.825929097731043 -0.311914804414748
-0.359621519931505 0.8063952945533
-0.258051111348768 0.805283095196019
-0.650680110984284 -0.596964980675248
0.716235373757418 -0.516632336394777
-0.222085384232154 0.854827440900494
0.716489345018586 -0.516569633591745
-0.250286589669372 0.84717565852927
-0.775841856100058 -0.422572721951601
0.813487491413911 -0.344795917898795
-0.811009194492567 -0.350795611005768
0.727399145921485 -0.501827488349386
-0.221216184539829 0.855657723679547
-0.465141926019634 0.729638845530272
-0.460659200934551 0.73267225852171
0.402142906819469 0.787091954012385
-0.244419725164745 0.849492265892895
0.779568032592374 -0.416889405662895
-0.231574538221207 0.834070059711951
-0.341765559246584 0.815391877079247
0.760558147644255 -0.413682797076226
-0.308780948108647 0.828532431920557
-0.343677106182299 0.8147645704437
-0.306090453731135 0.82970297649001
-0.205315075999132 0.860282974578508
-0.342701608049414 0.815437866532097
-0.423614283627907 0.77657969649658
-0.256631903196312 0.846644249682366
0.839470822283751 -0.279456698389687
-0.579297373064735 -0.668851484138839
-0.496332759757069 0.732626475739453
-0.47880871144724 0.744291306767177
0.824526696603912 -0.321748649876287
-0.498340164904892 0.731547845814165
-0.376678215048885 0.80109735170301
-0.313391536532474 0.827989756046292
0.828005361323635 -0.313569505444052
0.823042528276311 -0.326583387700977
-0.614191740584496 -0.637934790927792
-0.476204644526026 0.746697790003842
-0.39972862872801 0.768166740210301
0.715944198577911 -0.52142890547329
-0.404693284282999 0.787923141715216
-0.162975951417977 0.870731469832063
0.836528084983356 -0.291701438690647
-0.349175888482163 0.814296795856651
-0.612061956051458 -0.6407159566351
-0.294854203907954 0.835662057183077
0.877205682147523 -0.126147401740666
0.740949254793443 -0.486343171288628
-0.255359509625841 0.848798625358299
0.88561527866436 -0.0385341078893559
0.823814925904076 0.327505098486704
-0.319979833647119 0.804832558580445
0.816758457069302 -0.344916189353669
-0.225345874455407 0.857561273501015
-0.464793552050608 0.755174957162977
-0.246675903080436 0.851823361264234
-0.363953439035606 0.786103258953788
0.720244273863604 -0.517522582067747
-0.545601358221114 -0.699306522893817
-0.0598002177740922 0.885021485686618
0.436998221924429 0.77201030845499
-0.456498327954392 0.760726318764788
-0.253945903769049 0.850137786227324
-0.313590044685322 0.830066993995639
-0.32924579438984 0.824059417392755
-0.214425447339313 0.861176442240862
-0.485959927217231 0.742679031308608
0.76177137958428 0.455586715626937
0.741501044185613 -0.488012733326384
-0.434042816693256 0.774410768367069
-0.326105331625867 0.825763368129191
-0.290908105984799 0.838884121817485
-0.308818653132218 0.832531712127444
-0.34141915243243 0.81977712847979
0.0807465110755943 0.884423425809729
-0.325360565571763 0.803017639600833
-0.0407416398836718 0.887236036358045
0.885887043762934 -0.0646091035708652
0.566008137600622 0.684636517070809
0.790681602809573 -0.405014586706528
-0.143948126904295 0.854547047118712
-0.539256005058013 0.706072711335695
-0.468186461553519 0.755154495397375
-0.213608867842059 0.862524754308633
-0.681471267846321 -0.570346475412804
-0.202185315997377 0.865412876302485
-0.269742609298401 0.846863093589966
-0.448485268977094 0.767410342853839
-0.303667651058712 0.83544167754061
-0.442220308495981 0.771191856236103
0.888818143664596 0.0204084398093273
-0.290380300692664 0.840364011068684
-0.31071711460964 0.833129723556156
0.738927181698774 -0.494726624524151
-0.336786987367593 0.823079322231989
-0.383367424935008 0.802515656345763
-0.408808207728561 0.789933168447485
0.726787449523953 -0.512849735021767
-0.337038792584208 0.823259177618701
-0.221710881338923 0.861574587112632
0.682339827752718 0.570959015106218
-0.425680994694588 0.781340241961471
0.84840934836622 -0.268352752179267
-0.378082908421563 0.779934897302269
0.784292214298886 -0.420489926949676
-0.78217613042013 -0.424547627071569
-0.389426696423802 0.800312978332674
-0.667610218819883 -0.588696983870517
-0.47632570894599 0.751993743875476
-0.400473629787124 0.795056334269714
-0.225779170925159 0.836983177616661
-0.805443961277988 -0.379297195750536
0.619860226213481 0.639133770920371
-0.442807487239514 0.77249741267026
-0.335893372440977 0.824692742597855
-0.306857973145273 0.835997682342059
0.781707388363039 -0.426730211426192
0.739534196500633 -0.496351863408174
-0.21354356866153 0.864746057178882
-0.337462534392157 0.824388228109847
-0.219240094759784 0.863447000808415
0.745178583489888 -0.488288406501147
0.810287241811589 -0.370487166326993
-0.25877035699283 0.827541822169196
0.887634345590966 -0.0777213516695498
-0.662700908778787 -0.595711131321031
0.74263413285083 -0.492592549841321
-0.472932770120057 0.755377933934784
-0.184555988984 0.871956646145925
-0.375433025393053 0.808410262944791
0.0135111806159728 0.891292370249696
-0.564198153887008 -0.690197322981778
-0.326254188396288 0.829672885105865
0.735062719043059 -0.504567549731656
-0.421104925758199 0.785927928343763
-0.180581052454664 0.873217463217928
0.744817149123179 -0.490379028223225
-0.391767279051729 0.801154313744693
0.821133729299993 -0.348101464549654
-0.510668424513511 0.731271581068404
-0.494767706952934 0.74219280168179
-0.313511978718053 0.835140761964615
-0.508268709046148 0.73315559657054
0.85927356851877 -0.240015089434763
-0.179267402121595 0.874028232251232
-0.234422038701234 0.860936727556824
-0.460024815468752 0.764621635542385
-0.581827092104581 -0.676645693219743
