1 2
1 3
1 4
1 5
1 6
1 7
1 8
1 9
1 10
1 11
1 12
1 13
1 14
1 16
1 17
1 24
1 25
1 28
1 34
1 37
1 39
1 40
1 46
1 48
1 50
1 51
1 54
1 56
1 67
1 77
1 82
1 84
1 93
1 95
1 99
1 105
1 108
1 118
1 119
1 124
1 125
1 131
1 134
1 137
1 139
1 140
1 141
1 142
1 148
1 158
1 161
1 166
1 167
1 170
1 181
1 183
1 184
1 191
1 203
1 205
1 210
1 212
1 213
1 219
1 222
1 237
1 240
1 244
1 245
1 260
1 280
1 288
1 292
1 295
1 299
1 302
1 303
1 311
1 312
1 313
1 316
1 317
1 325
1 329
1 332
1 337
1 350
1 353
1 356
1 367
1 374
1 378
1 385
1 391
1 394
1 396
1 397
1 401
1 403
1 412
1 416
1 418
1 426
1 427
1 430
1 431
1 443
1 456
1 468
1 469
1 483
1 490
1 499
2 3
2 6
2 8
2 10
2 12
2 14
2 15
2 16
2 21
2 23
2 26
2 27
2 28
2 30
2 31
2 61
2 67
2 70
2 75
2 90
2 91
2 92
2 120
2 121
2 143
2 153
2 156
2 159
2 177
2 190
2 194
2 195
2 218
2 230
2 250
2 255
2 260
2 261
2 266
2 270
2 277
2 279
2 286
2 293
2 296
2 318
2 321
2 331
2 338
2 346
2 347
2 349
2 354
2 355
2 359
2 368
2 392
2 402
2 406
2 407
2 409
2 410
2 417
2 425
2 432
2 435
2 436
2 438
2 440
2 446
2 448
2 450
2 459
2 476
2 481
2 488
2 491
3 4
3 5
3 9
3 22
3 32
3 35
3 36
3 49
3 52
3 60
3 62
3 68
3 78
3 80
3 85
3 104
3 107
3 117
3 126
3 136
3 149
3 157
3 163
3 174
3 178
3 185
3 189
3 200
3 201
3 217
3 225
3 229
3 236
3 242
3 252
3 256
3 283
3 307
3 322
3 323
3 330
3 336
3 348
3 365
3 371
3 375
3 376
3 387
3 398
3 411
3 414
3 421
3 479
3 495
3 498
4 7
4 18
4 22
4 41
4 47
4 65
4 71
4 79
4 85
4 86
4 105
4 110
4 113
4 147
4 152
4 155
4 169
4 182
4 189
4 198
4 231
4 246
4 247
4 257
4 281
4 282
4 284
4 322
4 326
4 330
4 333
4 334
4 342
4 345
4 357
4 419
4 449
4 454
4 462
4 466
4 470
4 480
4 482
4 496
5 11
5 32
5 36
5 54
5 62
5 69
5 78
5 81
5 109
5 117
5 136
5 149
5 188
5 206
5 208
5 220
5 234
5 238
5 241
5 249
5 251
5 263
5 269
5 300
5 308
5 309
5 314
5 360
5 361
5 364
5 365
5 389
5 398
5 414
5 415
5 487
5 489
6 24
6 25
6 40
6 50
6 51
6 88
6 118
6 119
6 166
6 167
6 175
6 186
6 203
6 222
6 223
6 240
6 292
6 353
6 363
6 396
6 443
6 475
7 13
7 18
7 20
7 33
7 41
7 43
7 44
7 58
7 59
7 63
7 72
7 83
7 86
7 89
7 111
7 112
7 154
7 165
7 172
7 214
7 233
7 274
7 315
7 340
7 380
7 413
7 433
7 492
8 26
8 30
8 42
8 55
8 57
8 61
8 92
8 96
8 179
8 232
8 243
8 267
8 298
8 344
8 383
8 384
8 420
8 445
8 464
9 35
9 49
9 60
9 107
9 157
9 178
9 217
9 252
9 323
9 336
9 371
9 376
9 424
10 27
10 120
10 121
10 153
10 159
10 190
10 230
10 266
10 318
10 349
10 359
10 368
10 409
10 436
10 438
10 450
10 459
10 488
11 17
11 19
11 29
11 39
11 64
11 101
11 160
11 192
11 271
11 273
11 278
11 320
11 382
11 447
11 453
11 486
12 34
12 48
12 97
12 114
12 193
12 210
12 213
12 235
12 248
12 429
12 483
12 493
12 500
13 15
13 20
13 38
13 73
13 102
13 106
13 115
13 133
13 138
13 144
13 168
13 180
13 199
13 211
13 264
13 275
13 305
13 452
14 23
14 31
14 45
14 53
14 94
14 143
14 177
14 228
14 259
14 377
15 38
15 66
15 73
15 179
15 211
15 272
15 285
15 297
15 369
15 381
15 384
15 388
15 420
15 457
15 497
16 21
16 70
16 75
16 91
16 123
16 146
16 215
16 226
16 227
16 265
16 291
16 408
16 465
16 474
17 19
17 37
17 162
17 328
17 441
18 47
18 59
18 72
18 100
18 110
18 112
18 116
18 164
18 198
18 204
18 258
18 319
18 334
18 351
18 372
18 404
18 405
18 482
19 29
19 162
19 273
19 328
19 441
19 486
20 33
20 76
20 98
20 102
20 106
20 115
20 122
20 144
20 209
20 301
20 400
21 123
21 250
21 253
21 279
21 347
21 352
21 358
21 422
21 437
21 440
21 448
21 476
21 478
21 484
22 79
22 113
22 169
22 182
22 202
22 231
22 257
22 290
22 326
22 343
23 45
23 90
23 338
23 339
23 355
23 410
23 432
24 95
24 99
24 158
24 219
25 88
25 171
25 295
25 350
25 385
25 397
26 42
26 55
26 298
27 194
27 261
27 270
27 277
27 293
27 407
27 417
28 56
28 93
28 108
28 141
28 151
28 216
28 332
28 356
29 101
29 278
29 320
29 453
30 57
30 96
30 187
31 53
31 94
32 309
32 314
32 361
33 43
33 76
33 111
33 176
33 233
33 370
34 97
34 114
34 193
34 429
34 493
35 80
35 126
35 207
35 434
36 69
36 109
36 208
36 220
36 249
36 276
36 364
36 389
37 46
37 84
37 132
37 244
37 294
37 442
37 471
38 66
38 369
38 457
39 64
39 74
39 87
39 127
39 271
39 310
40 140
40 212
40 312
40 395
40 399
41 58
41 165
42 344
42 445
43 44
43 306
44 306
44 492
45 339
46 124
46 134
46 337
46 456
46 471
47 65
47 71
47 196
47 246
47 451
47 455
48 473
49 52
49 68
49 128
49 129
49 135
49 197
49 221
49 386
49 472
50 378
50 401
50 412
50 418
51 77
51 280
51 367
51 467
51 499
52 129
52 130
52 150
52 174
52 221
52 254
53 228
54 81
54 103
54 145
54 238
54 269
54 289
54 458
54 494
56 82
56 139
56 303
56 439
57 187
57 232
57 477
58 63
58 340
58 433
59 100
59 404
60 163
61 267
61 464
62 185
62 283
62 307
62 390
63 83
63 274
64 74
64 127
65 196
65 451
65 455
66 272
66 381
67 473
68 128
68 135
68 197
68 386
69 188
69 241
69 263
70 146
71 147
71 247
72 154
72 214
73 133
73 168
73 264
74 87
74 310
75 265
75 474
76 98
76 224
76 301
76 400
77 131
77 467
78 104
78 387
79 202
79 343
80 207
81 103
81 145
81 393
81 458
82 184
82 444
84 132
84 294
85 242
86 89
86 315
88 171
90 156
90 331
90 346
90 406
91 227
91 291
91 408
92 243
92 362
92 446
93 125
93 191
93 262
93 299
93 461
94 377
98 224
98 287
99 170
99 181
101 160
101 192
102 305
102 452
103 393
104 348
105 281
105 357
105 449
106 122
106 173
106 379
107 225
107 236
110 116
110 164
110 258
110 405
111 176
111 370
112 319
113 155
113 333
113 373
113 428
113 466
114 235
115 138
115 199
117 206
117 234
117 300
117 487
118 175
118 186
119 223
119 475
121 195
121 435
121 481
122 173
123 226
123 253
125 461
125 463
126 200
126 434
129 130
129 150
130 254
131 137
131 288
132 442
134 142
134 302
134 469
135 327
136 229
136 304
138 180
138 366
139 148
139 237
139 324
139 460
140 161
140 205
141 151
141 216
141 239
142 311
142 490
144 209
145 494
146 215
146 465
147 152
148 416
149 201
149 498
152 480
153 392
155 373
156 255
156 402
161 426
161 430
164 204
165 172
166 317
169 284
173 379
175 363
177 259
178 424
179 297
180 366
181 183
181 316
183 374
184 313
184 444
185 256
185 421
189 419
191 262
191 335
191 341
194 296
195 218
197 472
198 351
198 485
200 327
202 290
205 329
206 308
210 248
210 268
210 468
212 395
216 239
217 411
217 479
222 245
224 287
225 495
229 304
230 286
230 321
231 282
231 470
232 477
234 251
234 360
237 324
237 460
238 289
240 391
243 362
246 454
247 462
248 268
249 276
250 358
250 422
250 437
251 489
262 335
264 275
272 285
273 447
278 382
279 352
284 496
285 497
288 394
303 439
307 390
312 399
313 427
315 380
317 325
318 491
322 342
330 345
333 428
335 341
340 413
344 383
346 354
346 423
347 484
348 375
351 372
354 423
356 403
359 425
365 415
367 431
372 485
381 388
448 478
461 463
493 500
