-0.348464061963295 -0.36344455035971
-0.203674492854771 -0.575340141305501
0.563159472439978 0.106075634512585
-0.221678599298366 -0.630378636916463
-0.222133022045637 -0.670480788596222
-0.394188055567149 -0.554234410548465
-0.30841357623543 -0.555345148368872
-0.262941824441146 -0.733933361167945
0.700949470233554 0.130607223946049
-0.590506402382092 0.280390585532926
-0.23410373962993 -0.704087009139642
0.689755029930335 -0.0231127470587403
-0.263162113242092 -0.735662170395007
-0.256727787551976 -0.746033328051988
0.68291626721302 0.148003590014482
-0.446473491479739 0.563596940103813
0.702263442847269 0.177872288112517
-0.327118314743996 0.651916703766443
-0.236442631079791 -0.70711603466915
-0.363437275365076 -0.715116819591369
-0.265336030919143 -0.712825896788803
-0.280846247748523 -0.752486857711674
-0.589182449853056 -0.52680547433924
-0.480329814128812 0.618305664989498
-0.260941487656258 -0.760667734243253
-0.257432970261843 -0.786136129877615
0.581660702572454 0.447560687666336
-0.282424982378208 -0.799934147131199
-0.366713163073378 -0.640563493895163
-0.262455469212964 -0.716582792120476
-0.679549415255648 0.314927827343752
-0.533731433959246 -0.584732377613301
0.747970552393347 0.16304964355914
-0.231603961415955 -0.732060355751956
0.00464277888582002 0.792981946199486
-0.175627270450509 0.734421415775038
-0.314560549346 -0.765648480701503
0.775153422794894 0.173154303015208
-0.381616851714731 0.720407440153467
-0.611583661080074 -0.467840860010177
-0.26212955608829 -0.761283587636827
-0.467074870867439 0.614791342195721
-0.607642778441927 -0.513385118849057
-0.57353605419705 -0.51987738863994
-0.275475644227865 -0.75756316589058
-0.34651239464231 0.703866339784797
-0.367476000669945 0.728544937620955
-0.475881479431355 0.612961665306481
-0.47870098223496 0.636817331517644
0.834863073956993 0.152155461230808
0.62657741162607 0.523826014638953
-0.668796025310722 0.451654344007839
0.634238135039655 0.500480630586834
-0.78515724546709 -0.141656539279902
0.806739529992263 0.13160604404678
0.744820753379499 0.224242948326887
-0.56152727090226 -0.636647213830097
-0.576077068143269 -0.623897852347626
-0.495479039095679 0.565884039881139
-0.349479897903137 -0.739694814427411
-0.758546989282783 0.332632301211348
0.785426913620723 0.146435973662224
0.795060461371751 0.19565232064589
-0.770823320441065 0.356961360206786
-0.27365471095117 -0.804472354355072
-0.59522869154139 -0.606823023493163
0.76541592950982 0.292637876142897
-0.386299951424756 -0.684595272761477
-0.383452567366726 0.758920492878073
-0.352127640803532 -0.750269103123681
-0.577485747346257 -0.566283967234257
-0.594598541836393 -0.578098839501059
0.633003417713452 0.504849425826507
-0.288701793153486 -0.80006776560615
-0.483434958452577 -0.720298445850588
-0.308855086445661 -0.810809678311075
-0.407548632711438 -0.688475547950414
0.838919972889969 0.141871845388234
0.829770591288257 0.189337179024152
-0.696238237753036 0.43339360816181
-0.502180375588652 0.66060367625399
-0.268856365418155 -0.785572462318214
-0.530435563825783 0.639422045250156
0.813929228150272 0.105633437690649
-0.263836493063971 -0.777864915500569
-0.577571298489927 0.597861023223967
-0.710327932922816 0.340083147769248
-0.285348167365538 -0.81953854583651
-0.615980165668207 -0.44164175370792
-0.542488899101692 0.602198152059017
-0.281593692973495 -0.820995635117123
-0.52092151783799 0.673393170736636
0.830394097828937 -0.0475987139394418
-0.508219291819794 0.65902700624177
0.853411289973558 0.158992107083036
-0.501246001957941 0.66492814066526
-0.512832335410579 0.679902019975488
0.809063106571344 0.14535482966902
-0.119305661177235 0.8245647399192
0.847590743500368 0.188250860468372
-0.310679770231419 -0.810915740755867
-0.271513940376324 -0.82501086200356
-0.262196804056632 -0.810530198499302
0.831705547532265 -0.0562239955905785
0.72910517798328 -0.355929275976612
-0.521685442000284 -0.673787621160513
-0.786009846984051 0.369873545414437
0.818419312525639 0.160717890719444
0.837301811749275 0.231942831423084
-0.788255509803032 0.365756272601088
0.818866336329261 0.160730978019605
0.797728038135134 0.152403416604219
0.81988297139339 -0.157783727547696
-0.293308461131541 -0.818135608274358
-0.300433826365233 -0.797697062595409
-0.752251492089193 0.363235596251185
0.820282877208858 0.160214088924119
0.68277218191485 0.538003663392554
0.129774061189107 -0.790547781654344
-0.270205360484226 -0.791342831200659
-0.257746137104263 -0.81276086984235
-0.274775606163988 -0.824847246052827
-0.56929992697583 -0.635090344327408
-0.284816693406129 -0.821584837888652
-0.759512288181975 0.350812265697475
0.847823590903944 0.193813593246966
-0.289407115517012 -0.802565390034792
-0.559222487415049 -0.603318115229076
-0.570619397114085 -0.634573437224831
-0.702875221500638 0.454511155388605
-0.274492575185704 -0.808308606509298
-0.515356487608898 0.660075514971364
-0.773245395611213 0.362238025759635
0.839980310597979 0.154824484265912
-0.291333631291009 -0.803163667763956
-0.534331672096782 0.686369692526159
-0.41434560440541 -0.728203353083636
-0.339444808083769 -0.784302843179457
-0.536517360625109 0.684840673792766
-0.175038985666719 0.804412544723291
0.839990501078094 0.158660767717579
-0.782776003480663 0.379950125165482
-0.541330186597715 0.639989825552456
-0.360970673521886 0.74053946733357
-0.581810912044813 -0.626621038254892
-0.412457833690415 -0.7301777274082
0.811834661658326 0.143486826207968
-0.741893570299306 -0.332388517305408
-0.425595540363334 -0.759085215715067
0.841223293877143 0.154592633995831
-0.287864455833404 -0.821411206758066
0.652980313840368 0.552781130936365
-0.420518477976364 -0.762224212212095
-0.34667958491958 -0.798669442069822
0.825511718286653 0.149866085107255
-0.0699464204714765 -0.836467796505665
0.826754357315403 0.147250317289254
0.809206294898039 0.225872502470062
0.823876222587135 0.166380141657534
-0.425968638157164 -0.724996392253713
-0.564614913000026 0.643080220532556
-0.386413293394595 -0.747236313378624
0.839172823668753 0.168879321169247
-0.281684322074464 -0.82398451752926
0.843269672923566 0.14837052801041
-0.281996407223729 -0.808689765938631
0.856771943741721 0.156442247246722
0.7255562731055 -0.455466850638811
-0.43159696954078 -0.689839885588696
-0.424227918312067 -0.744507086302469
-0.419881621986653 -0.763194889408866
-0.292570488107184 -0.805629050467778
0.83008606751271 0.1386957005584
-0.74596593712414 0.352348959508704
-0.284170408518044 -0.823557986540594
-0.389779227873154 0.77929788339958
0.857959394931782 0.15287275626673
0.817639172034369 0.200851827483361
-0.308603891404069 -0.815143129767399
-0.426273781329908 -0.743840871353799
-0.292047758255832 -0.821359845710911
-0.790148362260873 0.36853438646398
0.779270145728182 0.272561747204596
-0.443604448042459 -0.750729114835363
0.842906116142609 0.157759955554879
-0.271698875014605 -0.828724842636458
-0.568380772947821 -0.621617597664585
-0.731539431078398 0.358117542485362
-0.260533498508435 -0.817232538976338
-0.260919878867932 -0.783834085083589
-0.451407095128678 -0.711534066003759
-0.774224151937114 0.369714727694826
-0.518927007989497 -0.683512682928864
-0.392805189456958 0.778803068933666
0.824864902917913 0.173853751634773
-0.434068452352059 -0.723038208634685
0.856513072742566 0.165648591062362
0.834899415983685 0.199444609693588
0.812919397466796 0.150156432315641
-0.528150249723503 0.676941977091525
0.872345587828418 -0.0170356915491363
-0.438869957919604 -0.7542493786458
-0.5236814550265 0.680666150804255
-0.536540849944076 0.68836313197427
-0.538002787800842 0.687381122703883
0.845456807109625 0.152002134859457
-0.139444513206391 0.847825419668929
0.85848925801559 0.158603071834953
-0.286076972749931 -0.82494645753688
0.859110891205096 0.156595488257013
-0.666906582677332 -0.56395504513055
0.872222722703107 -0.0474579788337425
0.84535481407603 0.154843468747568
-0.293053006738522 -0.791129851519978
-0.444741345971504 -0.751960090437341
-0.663715827722017 -0.521353178708727
-0.569034654101082 -0.644319092143973
-0.277981766408615 -0.828358703758657
-0.641957998873161 -0.571997792677802
-0.589688698710705 -0.604277252821367
0.845573750807318 0.15696614645849
0.839606989786285 0.187171138038061
-0.50563798601087 -0.696161316718888
0.848687174329767 0.208313013860208
-0.292321240898072 -0.823664873087669
0.859737762802517 0.157914183515894
-0.290284666334707 -0.810173089880266
-0.39282498913408 0.781014663169423
0.854105112242868 0.187105300641204
-0.74472887544229 -0.458356302068575
-0.517401436806579 0.687949506849813
-0.437255594019504 -0.72266307130261
0.668809999108993 0.542220438868132
-0.524256672178633 0.700052361382235
-0.266715231274615 -0.833058963654309
-0.6517974329251 -0.562848912914893
-0.586583403463867 -0.649037108908612
-0.295085835509513 -0.823685463493874
0.854389773174834 0.189089341562455
-0.428923291380973 -0.746987632910755
-0.686512671186285 -0.542806990009177
-0.790515956876029 0.37579936012232
0.847035121797361 0.157550336812552
-0.59444117890436 0.642636007407948
0.801680004965066 0.266999862807513
0.846229407808398 0.162816713471499
0.437339739100325 -0.7233629557142
0.860575899618513 0.161091128399262
-0.68774923690771 -0.51955306085435
-0.678382260629853 -0.504829409673494
0.38593868372006 0.785997206266103
0.853409300806779 0.196547857635182
-0.314487314895394 -0.817455578731857
-0.273662640471674 -0.817534156276659
-0.614940804964493 -0.580890077880366
-0.616823689176112 -0.621981524325674
-0.465031462763678 -0.742478280387758
-0.765242532629733 0.36126820753227
-0.624804537742311 -0.614282121072669
0.848079942290083 0.155983174283479
-0.296303668719375 -0.824694823131558
0.634851186065972 -0.604214182103782
0.86328404542064 0.151802734175549
-0.262505316474092 -0.821569462173552
0.823750668971388 0.195105783703092
-0.304900931959377 -0.821906724304924
0.869486404718348 0.112604128498306
0.814078419220926 0.28543814628175
0.849989993804307 0.14841471350662
0.86274550864113 0.156674101415652
0.846810550852177 0.16652705463731
0.840018099543322 -0.107316762870275
0.862842816326706 0.156743065596599
-0.279024562419028 -0.816867356550692
-0.562097536906392 0.673276499623691
-0.348561717826016 -0.804951946376215
-0.378055955596969 0.77621290758606
-0.442933464717783 -0.741314191616934
-0.434610914085226 -0.762065309896373
-0.55745798202567 -0.677537687360235
-0.285522083076813 -0.829746745366852
-0.2853407857462 -0.829920616664332
0.852535508352849 0.2086987050639
-0.643422762120548 -0.597128730880382
0.854627689243044 0.200873095506255
-0.582705552511985 -0.656791392732366
-0.579541669098545 -0.640445518126635
0.857490882054794 0.189239489912245
-0.278454828378779 -0.832914107063301
-0.504975366802916 -0.718653595141576
-0.380274421213377 0.77571311448965
-0.63690597462849 -0.604973809954591
-0.386547726159023 0.772799488423855
-0.794805043391573 0.374307640904629
-0.38403134273287 0.790265304046487
-0.59834466611824 -0.623633589643715
-0.761873191208292 0.37041565887843
-0.795616424268494 0.373056576373197
-0.286023462662147 -0.830989766935736
0.859591385330958 0.0912860270540181
0.863490263219687 0.16405494048178
-0.294000634423862 -0.828413222922226
-0.301340426156963 -0.825877420895158
-0.695118293346004 -0.538390377284679
0.848297417871017 0.167079582916775
-0.727441469393967 0.467594848992327
0.858693822300746 0.189399009622716
0.84402263782768 0.189029379937384
-0.281350488533826 -0.833211707407277
0.838015632358991 0.214766779006378
-0.53653157845624 0.696926003315909
-0.288658898409766 -0.830914878917227
-0.655586516897745 -0.537002327513476
-0.297212554453496 -0.827997022363229
-0.497323642355727 -0.725778075939584
-0.27826188636073 -0.834760187100459
0.859891339403356 0.187109967462074
-0.605362286247674 -0.618238224827748
-0.60359795285051 -0.640516323409841
-0.28285240778381 -0.833519014791807
0.831370702391678 0.289394825128852
-0.361693227133661 -0.802665056942905
-0.533911510531131 0.700141170912101
-0.637626451685805 -0.607336027152624
0.868288364942163 0.147189156510095
0.877954702889069 0.0703496690343092
0.866404570626336 0.158934819504257
0.681570402097228 0.558159461980081
0.854762235207069 0.13545829520802
-0.276762434278432 -0.83644797711258
-0.518253441065683 -0.712613448960825
-0.262379964148766 -0.824868489343189
-0.620929087395439 -0.625310283135654
-0.652316312889877 -0.592629791559074
-0.793298968773458 0.384140061618634
-0.580940745980067 -0.662988937798309
-0.29584850000183 -0.830469285413193
0.859479781143732 -0.104057904332867
-0.463723139243736 -0.749883294491448
-0.436149354309042 -0.766352291664612
0.854494933853995 0.217986117279884
-0.296594741681291 -0.830582929713048
0.83445739866346 0.285786040972227
-0.452328209467357 -0.757329410477831
-0.857035407327354 0.209270778584654
-0.0803937586661919 0.878632783141202
-0.664676208328645 -0.580360675745054
-0.0641252057294446 -0.880144684046675
-0.524901059513794 -0.709506023884207
-0.549078256435482 -0.691075746463705
-0.27388667179491 -0.83917274592315
-0.432186880318612 -0.750352423008865
0.865418953928294 0.174431991963474
0.867785563737695 0.16271408952306
0.673511517490509 0.571017133805986
0.865774004196906 0.173965161749064
-0.449682756295456 -0.76010762323307
0.87784358876914 -0.0975602223890326
-0.800067916479983 0.374389349724648
-0.302848589631203 -0.829883722801586
-0.455338062801318 -0.757125637605087
-0.543268131985956 0.69683495795065
-0.409388619849812 -0.783113619012387
0.882901925378171 -0.0386840665429586
-0.294006590231963 -0.833497572298787
-0.396105776681225 0.790192149195315
-0.308126271332853 0.828556873740655
-0.537530084179328 0.701893231811011
-0.573056865407339 0.673307117984792
-0.694336662635361 -0.517677539066286
-0.402813333602207 0.787160435128247
-0.194533199285883 0.862658678739095
0.868652437681363 0.166158596121675
-0.493789683816282 -0.733811697849838
-0.268341727669577 -0.842877364136082
-0.53222589051646 0.706630287132361
0.869612172830714 0.162807289432296
0.863676344648254 0.192184958292721
-0.359134970616182 -0.808723600634509
-0.449626443090878 -0.762225240537214
-0.798400494730581 0.38189912000388
-0.196105563767697 0.863117313152147
-0.53141814992648 0.707927828002477
0.679771875452684 0.567111101613293
-0.540636089067732 -0.701109651534882
-0.583739920843522 -0.665752752192118
-0.762516541294558 -0.450204425460072
-0.427125518995955 -0.775767589078915
-0.761771873015038 0.371982480082563
0.847754767670843 -0.17799703000678
-0.595737792052957 -0.655350051526811
-0.39415973529434 0.793196408735661
-0.599859108556741 -0.651787014230123
-0.808557145024044 0.361976545143846
-0.280928205384123 -0.84024105309673
-0.742208810698953 0.483927028828015
0.845169830159673 0.190617919564388
-0.693970452927532 -0.518967141188282
-0.437366024004126 -0.770651316295416
-0.581380957971417 0.668820958726911
0.858506895811889 0.220053649151995
-0.848396419901665 -0.256540881181936
0.851745592195592 0.160388590249862
0.883974862094921 -0.0656488348051091
0.881092282966894 -0.0976162977825388
0.872380074382476 0.157912621550354
-0.458196605948853 -0.759058437333759
0.872181429285408 0.159823219428508
0.871556176216021 0.163595299983633
0.872720268964066 0.157677599603239
0.884084556272073 -0.070896507936256
-0.43649679882691 -0.77215989904226
0.86054904964204 0.215276267200019
-0.308889235708034 -0.809971727378422
-0.565701371251484 -0.683372736479942
-0.424586628196571 -0.779018589771085
-0.530602793571163 0.711148018637326
0.875303992725989 0.145741014677157
0.871473281842042 0.167505734979146
-0.434868185667062 -0.773653332877136
-0.269533024818161 -0.845652039518576
-0.847369768208918 -0.264320156451736
0.830362860008436 -0.17222841173789
-0.361772748702992 -0.810645443978191
-0.796258018678577 0.392585351277158
0.205533317706524 -0.863730469951579
0.852994039278445 0.155364675756201
0.850522675200082 0.254969165821137
-0.581237668033543 -0.671330281473212
0.872866554513869 0.163550237704014
0.830556880991678 0.314551667924458
0.848797395851194 -0.177619851911247
0.700221967614245 0.546423935913548
-0.758144826991393 -0.462848179463054
-0.677761304721698 -0.57425898572447
0.874940243409387 0.154060873246942
-0.307537804686182 -0.833544693668627
-0.798537936072617 0.38965903244728
-0.386702780119831 0.800048974449061
-0.359753898464707 -0.812597444082886
-0.587332977215765 0.667006138063127
-0.493390812986285 -0.739284878260071
0.686955878617641 0.564080960264348
0.883561779283826 0.097637329762825
-0.586644672336607 0.66796775881675
0.877355998952601 0.143866114423447
-0.749085507694779 -0.437200328792992
-0.638657278616625 -0.618615935915201
-0.44147709943875 -0.771870607299071
0.865590861276724 0.203852579939582
-0.439420557135623 -0.773194555347946
-0.746502999633749 0.483497710193609
-0.720094204204287 -0.522127671546591
-0.8038241677656 0.380966622670396
-0.296092671844219 -0.8388763742454
-0.650798477917601 -0.606597935133401
-0.726240001843473 -0.513994297663451
-0.866853225530631 0.2007357020472
-0.297811579231318 -0.838541563465053
0.875298283057796 0.160656952932946
0.888306055307697 -0.0546245516673435
-0.303517117284059 -0.836697255531492
-0.806091477065338 0.377511083221206
-0.450992300437679 -0.767474354144772
0.868065337285217 0.197448893207922
-0.667114716258841 -0.589570786087853
-0.652504887636434 -0.605792948146001
-0.278869855025572 -0.845630536601112
0.882147936317853 -0.121596893319554
-0.632566143354653 -0.626850824901584
-0.533726886003058 0.712971459552944
-0.30634604356275 -0.836334451459049
-0.587800915361844 -0.66925595552625
0.876849083016785 0.157032127065396
-0.64504749944088 -0.614448368472711
-0.269608431842083 -0.84914884272648
-0.460304534890425 -0.762870440172646
-0.702754865848202 -0.547810188833627
-0.437835047330379 -0.776124622490998
-0.321558855753542 -0.831130037012406
-0.171851847287811 0.874501104518447
-0.699052756077374 -0.552917908042012
0.844846202255986 -0.284139614800933
-0.436426257555001 -0.777264262806507
-0.565952171779902 -0.688776210656144
-0.296092009245117 -0.840922528665839
-0.802146699324055 0.389214890061015
0.876973105575997 0.161095762169844
-0.729783838926584 -0.512401278913657
-0.297583280989884 -0.840648142235842
-0.449485467148146 -0.770268295100083
-0.803194259321754 0.387729900181447
-0.653296085130041 -0.607259846160066
-0.198466288379701 0.869641288613044
0.687849574677197 0.568007118011058
0.709060976209457 -0.541392356616103
0.877829422609312 0.159350021328286
-0.807896001492836 0.378661449755746
-0.28222019228358 -0.846484182231727
0.867354823232134 0.209719648712205
