1 2
1 3
1 4
1 5
1 7
1 8
1 9
1 10
1 11
1 12
1 14
1 15
1 17
1 19
1 20
1 21
1 23
1 24
1 25
1 29
1 30
1 31
1 33
1 34
1 35
1 36
1 41
1 42
1 43
1 44
1 49
1 50
1 52
1 53
1 54
1 58
1 65
1 66
1 67
1 71
1 72
1 73
1 78
1 82
1 90
1 92
1 96
1 97
1 116
1 118
1 119
1 125
1 132
1 141
1 142
1 146
1 147
1 149
1 156
1 172
1 186
1 189
1 201
1 205
1 213
1 219
1 220
1 228
1 239
1 279
1 288
1 298
1 303
1 304
1 305
1 309
1 312
1 315
1 322
1 326
1 327
1 331
1 339
1 340
1 358
1 361
1 366
1 368
1 369
1 376
1 381
1 388
1 392
1 401
1 406
1 421
1 425
1 426
1 434
1 439
1 443
1 446
1 459
1 468
1 470
1 476
1 488
2 3
2 5
2 6
2 8
2 9
2 10
2 13
2 18
2 25
2 26
2 41
2 43
2 45
2 72
2 82
2 94
2 103
2 104
2 117
2 119
2 125
2 129
2 134
2 137
2 141
2 142
2 152
2 160
2 182
2 219
2 228
2 239
2 250
2 282
2 303
2 305
2 312
2 361
2 381
2 401
2 421
2 439
2 468
2 488
2 500
3 4
3 7
3 14
3 32
3 33
3 35
3 49
3 60
3 62
3 67
3 81
3 95
3 112
3 131
3 139
3 144
3 158
3 159
3 167
3 172
3 179
3 207
3 216
3 220
3 232
3 263
3 269
3 270
3 280
3 291
3 349
3 352
3 373
3 411
3 415
3 417
3 419
3 453
3 460
3 461
3 463
3 467
3 484
3 486
3 490
4 15
4 19
4 37
4 39
4 42
4 50
4 58
4 59
4 63
4 64
4 73
4 76
4 77
4 92
4 97
4 102
4 123
4 130
4 157
4 164
4 165
4 166
4 176
4 198
4 206
4 209
4 214
4 227
4 244
4 245
4 258
4 265
4 268
4 271
4 276
4 277
4 292
4 300
4 314
4 329
4 330
4 353
4 370
4 432
4 438
4 451
4 456
4 497
5 6
5 13
5 18
5 70
5 74
5 180
5 186
5 237
5 249
5 254
5 279
5 283
5 315
5 350
5 394
5 485
5 492
6 26
6 45
6 94
6 104
6 117
6 129
6 137
6 182
6 250
6 282
6 341
6 359
6 493
6 500
7 37
7 39
7 88
7 91
7 95
7 133
7 139
7 144
7 216
7 217
7 223
7 251
7 263
7 269
7 367
7 411
7 463
8 12
8 16
8 24
8 28
8 34
8 57
8 75
8 100
8 110
8 115
8 155
8 170
8 190
8 193
8 234
8 248
8 266
8 289
8 316
8 347
8 356
8 382
8 422
8 427
8 449
8 479
8 491
8 495
9 30
9 36
9 54
9 78
9 79
9 85
9 89
9 99
9 109
9 162
9 173
9 177
9 201
9 205
9 247
9 259
9 264
9 281
9 309
9 345
9 346
9 371
9 374
9 376
9 452
9 466
10 11
10 17
10 23
10 47
10 68
10 69
10 86
10 127
10 136
10 151
10 153
10 203
10 229
10 252
10 272
10 297
10 321
10 324
10 336
10 348
10 365
10 399
10 430
10 434
10 474
10 487
10 499
11 44
11 100
11 126
11 136
11 151
11 153
11 155
11 161
11 178
11 195
11 208
11 236
11 252
11 257
11 262
11 310
11 328
11 333
11 334
11 342
11 375
11 398
11 405
11 407
11 428
11 430
11 436
11 472
11 496
12 16
12 27
12 28
12 57
12 101
12 124
12 234
12 248
12 289
12 347
12 356
12 382
13 70
13 74
13 180
13 237
13 249
13 394
13 395
13 485
14 32
14 207
14 424
14 467
15 20
15 21
15 22
15 46
15 48
15 55
15 84
15 108
15 114
15 120
15 128
15 163
15 197
15 355
15 390
15 442
16 27
16 124
16 221
16 473
17 29
17 31
17 38
17 40
17 51
17 56
17 202
17 212
17 362
18 160
18 283
19 76
19 77
19 83
19 165
19 188
19 198
19 209
19 292
19 307
19 308
19 387
19 423
19 445
19 451
19 494
20 48
20 55
20 84
20 87
20 113
20 121
20 128
20 163
20 211
20 225
20 253
20 267
21 22
21 53
21 106
21 107
21 135
21 138
21 168
21 169
21 319
21 320
21 325
21 332
21 397
21 408
21 440
21 457
22 46
22 107
22 111
22 138
22 169
22 260
22 295
22 319
22 320
22 335
22 391
23 47
23 68
23 69
23 86
23 127
23 140
23 203
23 229
23 275
24 65
24 96
24 192
24 230
24 286
24 318
24 323
24 339
24 446
24 475
25 66
25 71
25 147
25 199
25 299
25 366
25 380
25 410
25 470
26 103
26 152
26 226
27 101
27 429
28 75
28 93
28 143
28 313
28 360
28 384
28 393
28 427
28 431
28 482
28 495
29 40
29 51
29 61
29 105
29 204
29 235
29 287
29 306
29 357
30 89
30 259
30 340
30 346
30 368
31 38
31 183
31 302
31 364
32 373
33 132
33 171
33 189
33 338
33 426
34 80
34 170
34 218
34 313
34 360
35 60
35 62
35 112
35 179
35 453
36 52
36 90
36 174
36 181
36 196
36 414
36 462
37 122
37 184
37 258
37 432
38 56
38 183
38 212
38 261
38 302
38 364
38 389
39 88
39 122
39 133
39 367
39 450
39 464
40 202
40 204
40 235
41 116
41 298
42 59
42 64
42 130
42 166
42 206
42 456
43 213
44 126
44 178
44 208
44 243
44 257
44 284
44 285
44 328
44 409
46 111
46 255
46 391
46 442
48 108
48 114
48 120
48 355
49 146
49 156
49 301
49 435
50 63
50 102
50 157
50 176
50 244
50 314
51 61
51 98
51 105
51 287
51 306
52 174
52 181
52 196
52 354
52 383
52 406
52 414
53 106
53 187
53 200
53 241
53 480
53 481
54 109
54 154
54 173
54 264
54 296
54 371
54 416
54 418
55 225
55 390
56 362
56 399
56 483
57 110
57 266
57 294
57 422
58 164
58 191
58 278
59 271
59 329
61 98
61 118
61 148
61 175
61 344
61 404
63 214
63 227
63 300
63 438
64 245
64 353
65 80
65 286
65 318
65 323
65 351
65 385
65 403
66 322
66 331
66 400
66 410
66 455
67 81
67 131
67 158
67 167
67 232
68 140
69 272
69 321
69 324
69 487
70 395
71 199
71 299
72 326
72 358
73 187
74 350
75 93
75 384
75 482
76 83
76 445
77 330
77 469
77 497
78 79
78 345
79 85
80 218
80 351
80 433
81 159
81 415
81 486
82 369
82 388
83 307
83 387
84 87
84 113
84 194
84 311
84 402
86 348
86 365
87 121
87 194
87 211
87 267
87 372
87 458
87 478
88 91
88 145
89 99
89 177
89 238
89 247
90 304
90 462
90 476
91 145
91 185
92 265
92 412
93 143
93 293
93 393
95 223
96 192
96 230
97 123
97 278
97 386
97 498
98 175
98 344
99 162
99 242
99 281
100 161
100 342
100 363
100 454
101 429
102 268
102 277
103 226
104 341
105 357
106 135
106 200
106 210
106 215
106 222
106 437
107 295
107 335
109 154
110 115
110 190
110 224
110 448
111 255
112 270
113 311
115 224
115 316
117 134
117 150
118 148
118 396
119 443
120 197
121 253
121 290
122 184
122 233
123 498
124 221
124 231
124 473
126 243
126 284
127 275
131 280
132 171
132 338
132 465
133 464
134 150
135 210
135 215
135 222
135 397
135 437
136 297
136 336
138 168
139 217
139 413
141 149
143 293
144 417
145 185
146 435
147 327
147 380
148 396
149 392
151 236
151 310
151 334
151 375
151 405
153 195
155 193
155 246
156 301
161 363
162 242
162 466
162 471
164 191
165 188
165 240
165 274
165 379
165 447
167 291
168 332
168 440
168 457
169 260
169 325
171 465
172 352
172 460
174 354
177 238
178 262
178 477
180 254
182 493
183 389
184 233
184 450
188 240
188 274
188 447
190 448
193 246
193 256
194 402
195 407
196 383
200 241
200 480
201 452
205 374
207 424
208 333
209 469
209 494
211 372
211 378
212 261
212 343
216 251
217 413
218 433
219 288
220 461
221 231
221 317
227 370
230 475
231 317
234 449
236 436
236 496
240 379
243 285
246 256
246 273
248 479
248 491
250 359
252 428
253 290
256 273
257 398
261 343
263 490
264 296
264 377
264 416
264 444
265 412
266 294
266 337
267 458
268 276
269 484
270 349
274 308
274 441
278 386
280 419
285 477
292 423
294 337
296 377
308 441
309 459
315 492
322 400
322 489
323 385
323 403
328 409
331 455
336 499
344 404
360 431
363 454
371 418
371 420
372 378
378 478
381 425
397 408
399 483
400 489
416 444
418 420
434 474
436 472
466 471
480 481
