0.32938214533563 0.388057250213153
0.387836585253833 0.427572860131013
0.495919887717538 0.468776473131006
0.497034943039651 0.521835188594199
-0.615706242933725 -0.168380714972736
-0.489581279197421 -0.37030170060502
-0.270053855570854 0.637421511680405
0.698582823426488 -0.055093167764537
-0.289859287614986 0.646139109198748
0.585164035043373 0.297498011135289
0.480753851115304 -0.528922443737753
-0.712782785737677 -0.161585524263195
-0.413150299334609 -0.528367461649993
-0.766422418493369 -0.163350546090333
-0.289148951622899 0.712268013032379
0.364423235748575 -0.638679126931542
-0.00342034003298053 -0.725994345257353
0.074261878716114 0.735714499570156
0.504959717640402 0.550246643519889
-0.69917454050995 -0.295326604431763
-0.804503286456166 -0.197408298108553
0.210528383102092 0.72000901203886
0.540484697940785 0.536590346517213
0.511702917361901 -0.539086805459604
-0.764940828400179 -0.215747838274615
0.528083256285451 0.537173572131387
0.5203393259535 0.588031642019432
0.148319610223333 0.790785639788809
-0.284208095741381 0.733572263501669
0.589462824512999 0.559110879882419
0.770031095075341 -0.036010927663207
0.589277781969485 0.560445012200293
0.649094612894052 0.460740223162342
0.507305855579328 0.603188971830099
0.812016936299216 -0.0568041457244697
-0.770895033918746 -0.0560370127522987
0.154083057563166 0.774388684142301
0.540280529282482 0.540321716023101
0.797089191462702 -0.0112615438128522
-0.263931779547848 0.761064938671692
0.528191138650903 0.598595073477407
0.716823282995921 0.387286079908985
-0.799198806736281 -0.219833240531854
0.128385282033981 0.819390533076371
0.71653718348685 0.418670567028365
0.51721547237601 0.618767390926804
-0.779974637951667 0.131208681763716
-0.628155591762943 -0.453748181034217
-0.0961371644493344 0.770813907210746
0.740680219192371 0.15249383554721
0.471078429165702 -0.636989048954496
0.530055496972157 0.570313385049746
-0.429584350904326 0.651452812069172
0.111421804723232 0.799651479240632
-0.343538131024085 0.795891841365321
0.528478980369034 0.621080836269601
0.461926027069094 -0.611634502625983
-0.815638596680602 0.0307990204851329
-0.317985273754947 0.782756940657439
0.539278457178048 0.613641567957566
-0.336276767100768 0.759239392472244
0.790380547014249 0.119908535074407
0.559999394116514 -0.595751443634765
0.484193180775902 -0.637471305699289
0.544374877852009 -0.5614365235937
0.817506894648437 -0.0363820587806332
0.442526761886266 -0.658691225790238
-0.707792407871346 -0.435157005396944
0.632114715177073 0.539960554379806
0.556745663632402 0.664651339684807
0.830709054927286 -0.0428174819087194
0.594473847170441 0.631340997985311
-0.673546662873476 -0.488896937519845
0.65036655749612 0.573825796680385
0.580164035877679 0.597377344189656
0.573042418652592 0.621272771302042
0.595854535571547 0.561873152848474
0.845459830958189 -0.00919623850680147
-0.835351207085047 -0.233884140619832
0.633317411430517 0.502202447083582
0.644222953771599 0.528376675787967
0.543548992382545 0.648047775436205
0.55119983382941 0.641957852578615
0.150207905468806 -0.805770409455866
-0.800859279779312 -0.231463452329879
0.688572623013917 0.410330815562871
0.613945093482155 0.582681339614298
-0.337552949404993 0.799268921611273
-0.683771049784382 -0.534310757075009
0.594894282470971 0.538753114049317
0.554674596220788 0.639759749336424
-0.68896266502326 -0.445224763096032
0.540471746220455 -0.652190523311116
-0.605639581680633 -0.573487816780116
0.145255569855657 0.834783949870996
0.643536436546398 0.582364482630975
-0.424609879324579 -0.702602225005289
-0.649031817431103 -0.503719131674896
-0.815359283747972 0.105734857111582
-0.691595838176509 0.445741159879196
0.591951596135786 0.588224978129352
0.716606064163118 0.428497461672474
0.847614515018339 -0.00314010881472647
0.563729825667502 0.660114842409625
-0.284234908778608 0.798851164616246
-0.326034166588017 0.756092276965812
0.630134263154582 0.567777794505823
0.495678230692493 -0.688642016276536
0.604923159805358 0.622788064886432
-0.833692898668023 -0.159250267712509
0.116369704369128 0.827226019036454
0.603522587705711 0.578193214329328
-0.656606901730489 -0.497805089403628
-0.210068812977308 0.809389853138712
0.57223513456668 -0.627237686427512
-0.839479407534568 -0.222090334593233
0.531024757227215 0.630800503534444
0.574485236629782 0.651358591239051
-0.328087477189002 0.783396711681074
-0.679969802521188 -0.509372687437993
0.681407214968154 0.436340636373155
-0.571218891018004 -0.611257512258532
-0.572274927645728 -0.594422182732967
-0.578496368971409 -0.604935374028366
-0.80430153037364 -0.186711631454793
-0.817006713495799 -0.234058228941905
0.697470954416719 0.399124267923428
-0.563553594710606 -0.636514318562135
0.54599960623456 0.634948577728689
0.821159967518524 0.166236171891658
0.648476146234986 0.577953484118794
-0.560202482695605 0.623511715076699
0.809631032086025 0.0242517787749977
-0.816954861788947 -0.123528442130316
-0.578526778270267 -0.648156842482243
-0.34474262469706 0.797621957070033
-0.402088762261453 0.73591209517776
0.0931752346727048 0.845291442505253
0.611809760420191 0.617238677109881
0.64735662750199 0.580059863232915
-0.683319201772402 -0.506681848260453
0.768028196339529 0.407328867386862
0.607397136869747 0.595960606542263
0.720854906072438 0.452673838853164
-0.558151941833318 -0.626378178971244
0.586953353016341 0.616824660635552
0.57778615996297 0.649761600190538
-0.812182115628041 -0.211843615208504
0.586609892723133 0.641994933004954
0.578258035197336 0.590924138378536
0.557234145404109 -0.589011265109985
-0.842273185279123 -0.216990870894435
0.612237180756938 0.592106843921651
0.285192401577467 0.789816620065636
-0.337865969418508 0.782116344365327
0.0976590040475005 -0.846612778758367
0.555952224647491 0.629827712998511
0.448050310222222 -0.725237281723146
0.286551706307321 -0.803138037912545
-0.787429414274612 -0.327900322703377
0.193133268702493 0.831072276583097
-0.34000346301945 0.782811555365128
-0.847724336063413 -0.19522277924943
0.571000163966156 -0.598680927065557
-0.632548839729524 -0.553409499841403
0.651101910374608 0.577107401826293
0.607867644446077 0.622672141676104
0.568164056533836 0.637179288751319
-0.797504600094173 -0.305291188096041
-0.490742158764807 -0.682759190729138
0.565543198157564 0.640142629412173
-0.516120102383781 -0.647266509245235
-0.672843576484214 -0.552033576741738
0.128612353212486 0.844679193530124
-0.683800356615181 -0.489904712093767
0.132472754568704 -0.83104507912743
0.604255407685286 -0.626553828789579
-0.307584781287354 -0.783687370562863
0.506387473029434 -0.688473101644298
0.853718120069773 0.170567581599382
0.0374442823189901 0.854059647770311
0.591715698839155 0.617321685403445
0.765506465553852 0.414922041038999
0.657159986452254 0.571430329419536
0.0653617803948894 -0.852837667066728
0.569652568306949 -0.658876429960107
0.622356041195759 0.587081854022936
-0.476255758650243 -0.69464964786995
-0.789596773929996 -0.330021503639681
-0.853553953891144 0.0648480642874012
-0.498976175024446 -0.695817543402997
-0.865573049929935 -0.0981567194092288
0.85645295434586 0.00214242456855761
0.750081892921553 0.413845067443204
0.613208972321989 0.618913869620693
0.609863602479079 0.622393059268582
0.662989797643954 0.565665377976793
0.626844678785571 0.605659601243605
-0.5527372716796 -0.654785321931865
0.359139977593019 -0.794355245423333
0.62968245638106 0.603079373713151
-0.688993050848305 -0.509823530205667
-0.355614580651499 -0.763854369876221
-0.838169522193224 -0.240621085545071
0.753326193834229 0.409264833796902
0.739444570586952 0.462460050718941
-0.342921638148373 0.802042539714637
-0.0563297921006092 0.855680491113125
0.556181956463421 0.652981920183938
0.603623741963165 0.629860923487798
-0.348770487556814 0.799789650317822
0.655509008095235 0.576046207010106
0.82997941676548 0.147109511170237
-0.845502999687813 -0.216476220260141
0.620818743793684 0.592171429366246
0.75743478083843 -0.403400798273107
0.115269195321581 0.865254477336601
-0.157008232558869 0.843885307267365
0.639859391880766 0.593924509725041
0.044948337607171 -0.871985740194117
0.653655535702588 0.579073488205721
0.854920918147193 0.178642480005301
-0.525068116832301 -0.698080731577522
0.103404186736385 0.852322447492953
-0.561719337642198 -0.669099414611677
-0.69048298233093 -0.510616177912726
0.582266631239831 -0.631512901022548
-0.873578760290093 -0.0170671075142735
0.556027721832499 0.65499710864969
0.745848957246893 0.426895991274727
0.587047900569595 -0.647312514730657
-0.342183599386996 0.788531438004678
0.199044685524652 0.85101506405941
0.874067603858903 -0.00755366605590961
-0.384884342221394 0.784933247481325
0.737694032933098 0.408510384569846
-0.698905640899847 -0.525348565956945
0.586832134071784 0.648298881230345
-0.687005006454965 -0.516946764251616
-0.449500859075319 0.750209764872983
0.743770543262434 0.460296163495672
0.561201371244194 -0.586364909898695
0.455302853273376 -0.72955148312747
0.228273242492292 0.844487491252945
0.597814039681048 0.638816049379842
-0.827153368590875 -0.236003031315767
0.666172348820386 0.567345495978376
0.13038982155869 -0.865368773611308
0.612662587452533 0.604033631853433
-0.428178475665161 0.746461732210684
0.859848625720892 0.0391157439006806
0.47933547320576 -0.732324662065005
0.635752023680852 0.601728959427674
0.623943381035309 0.593203239229848
-0.574758870500086 -0.641226453183995
0.0315269875660714 -0.874905757290072
0.851460230399275 0.129831785757983
-0.675117304212207 -0.535142180152753
0.569495673976416 0.665074106009426
-0.353999452512818 0.800954013704065
0.638641572165452 0.599310561534005
0.861420782245291 -0.0207969743165022
0.561918636009806 0.653484152212445
0.568431466064899 0.666419050340222
-0.636846360441737 -0.5809773656548
0.10624476188054 0.869558754214788
0.57900256600209 0.657546442260976
0.583281694160013 0.653899005447732
-0.250250555288379 0.839860398132732
-0.314260685073943 0.80290734687507
0.64695048875945 0.570250099006144
0.74861412658367 0.428503523327589
-0.837491038940266 -0.207252442019388
-0.529744698654634 0.681190127158975
-0.849649387498537 -0.215117114992792
0.590238604257326 0.648063050794214
0.640581560073292 0.598506238788386
0.650623739992316 0.587732579343545
-0.348960730284009 0.804458134691815
0.566961181828658 0.624651012179589
0.588518708262861 0.650197759097591
-0.332202352928852 0.811749456583527
-0.360941920176758 -0.799499831210522
0.663219129839107 0.57428406360384
-0.852109521437286 -0.209172661285908
0.207837248572141 0.852542579309749
-0.357098256978136 -0.801677390064604
-0.837743819151274 -0.207695818781917
0.738660005890873 0.474096122845049
0.527817567028147 -0.701408295920398
-0.541573449005327 -0.690971589839441
0.819442189586556 0.31533460265501
-0.356894570440475 0.802324670671602
0.58515928649156 0.634698288427534
-0.840464132052207 -0.197920795731824
-0.705513295498232 -0.522997253134787
0.877461469903276 0.0388891135937787
0.630176043986475 0.611967598784725
0.877232846577653 -0.0475736953438388
0.65317333909906 0.587655676030471
0.635388396055429 0.606983872604902
-0.353777662545258 0.804463663797686
0.766720394910403 0.429688493196878
-0.821362086157634 -0.31309422860515
-0.7251173636486 -0.497030337408435
-0.851220539417112 -0.220063597792818
0.580772287335814 0.660210092545503
0.59912726378184 0.643730642440201
0.769080829912048 0.426644443916437
-0.339352023737926 0.794160156683371
0.63667407811736 0.583774014428576
-0.857692847712851 -0.103937910340971
0.525206388066508 -0.705575388426629
0.594705963749726 0.598760302277325
0.600945694424352 -0.620964432337371
-0.821015253540219 0.315878613982096
-0.705676793758596 -0.525387448168763
-0.313966794549175 0.821950316360896
-0.698594914851637 -0.535077361023179
0.633488710828582 0.587975665601876
0.767233802106863 0.431114259558182
0.615443942904922 0.629205809958864
0.512028714079532 -0.696519240237115
0.736256552532703 0.482452991238183
-0.701776367159215 -0.531514206231726
0.623849180414931 0.621266339868326
0.580091086165401 0.662431632272768
-0.801493012560138 -0.36481692338512
0.612951719940426 0.632402688853307
0.132517078425717 0.870771019518106
-0.869727007270052 0.139775860358671
0.589723530586538 0.654482524036703
-0.0834766880400384 0.877103851323896
0.847417792825251 0.171706240859399
-0.851366110392899 -0.227185007919034
-0.853487703304579 -0.21943845475405
0.589863865310868 0.654837222034247
0.563588942786466 0.677698166016248
0.600549595382375 -0.64529302105371
-0.855626184838212 -0.212418922737055
0.466963880947959 -0.747875149991001
0.620251513304209 0.602639100190904
0.585054800623651 -0.637087891143704
0.585551740142777 -0.659284217847289
0.120983128861871 0.873523379927659
-0.352386921818438 0.808490225048282
0.61135209973355 0.635794035327871
0.671664738168568 0.571842522910565
-0.855304596043074 -0.216201009868251
-0.851648978432436 -0.230507651378494
0.618889384690768 0.628940472117554
0.602572519465198 0.59130814062601
-0.696019974422865 -0.542490839866414
-0.509699839608351 -0.699041390959688
0.643423100987843 0.604066437141282
0.577537076929494 0.64434838524363
0.636726553453482 0.611242816520283
-0.517775157810155 -0.714909656394514
-0.744589405615411 -0.441135019720558
0.606409747514483 -0.641562239462589
0.164566431314147 0.867410082721042
-0.837454801712709 -0.279819240986403
0.0472892597959373 -0.881782053340327
0.604743411461087 -0.643589391215262
-0.175365995530496 -0.865629381703463
-0.69192600457857 -0.549045492332895
-0.483630095025054 -0.739228720323591
0.668627785659187 0.57744108767875
0.479200031443078 -0.742302059964156
-0.717961854959606 -0.515091279168424
-0.742807373964307 -0.444442042133734
0.86954391500372 0.157557627901352
-0.873894477398808 -0.131840012545199
-0.812494000918699 0.347949296681895
0.883943041651354 -0.00115416913604959
0.630396903396796 0.619755878148512
-0.694381562098281 -0.54724069414464
-0.701735996582183 -0.537907805314973
0.500952095672204 -0.706126783997707
-0.356169367592682 0.809358537878739
0.630709248258659 0.593337078413198
0.61292250982691 0.637481816635819
0.596553115024574 0.652932021254681
-0.665278886952295 -0.58287064411386
0.592172492503901 0.65711782539641
0.566431503757072 0.679532879117475
0.844313660376344 -0.264350307816406
0.572343216376881 0.674764049608143
0.581487430960307 0.667002147781575
0.653007087326849 0.597274678165415
-0.47509327989372 -0.746710825548722
0.645627862670871 0.605467022797778
0.59428686732316 0.630031490857226
0.253977002225576 0.847971635951435
0.255446240665529 -0.847609333854622
-0.555266950194269 -0.689569955861651
-0.728766442771723 -0.502852784664283
0.501919772777972 -0.679234959163844
0.610834134947366 0.641074137636938
0.587481108015991 0.662640836008687
-0.633573997033447 -0.61882393456033
0.101431545774355 0.879887754023241
0.637812224184422 0.614668803512181
0.605213708886069 -0.646892185696795
0.623807790504359 0.629084689685404
0.533315109243399 -0.707523064306439
0.884159840685608 -0.0583529731689016
0.529555223831974 -0.710524015440169
-0.853319451417604 -0.239265674270555
0.885722616250842 -0.0320352116581589
0.739638496007318 0.48846083246826
0.867452989552805 0.182516595638769
-0.856389824917428 -0.229152785034485
0.649727018694552 0.603238340793955
0.865971962528627 0.0219353378128882
0.582412233652027 0.668554021266666
-0.336585977013928 0.820368695784967
0.260219781542622 0.847765678061724
0.642314672700863 0.611537848685335
0.728718164155097 0.468645935089965
0.724152402115851 0.512128222180969
-0.346695447058528 0.816455303968958
-0.579296497194024 -0.671816333665206
0.615718551401518 -0.638699106859957
0.617779178689776 0.63680348775019
0.638689449917472 0.615929494499428
-0.790785404256049 -0.402585406909479
0.884101720573839 -0.0768347222109229
0.523376761040669 -0.716755681991323
0.525297956709539 -0.71543425155697
0.615715592519305 0.609772590761425
0.886941116732442 -0.0352334208060298
0.635224427620373 0.62009463033011
-0.69986884789216 -0.546197918025322
0.886554458111921 -0.0478599069728527
0.598387266702491 -0.626999741795765
-0.641443616745317 -0.613954343754521
0.579895895146583 0.672481031511103
0.608091461981499 0.647189744396748
0.618264109581484 0.637572549173055
-0.355020507623871 0.814143014203367
0.774267555996664 0.435312503866299
0.635236932318144 0.620950685441419
0.603465894517294 0.65196072972373
0.625751040817197 -0.630695929797803
-0.859194127415908 -0.226372906815707
0.644307612121715 0.611918412233276
0.573445140126428 0.678862280592442
0.612839316647987 0.643613131074331
0.626619109855405 0.630297257100049
-0.137471149728539 0.878147915300411
-0.572733930511308 -0.679804051121738
0.625548520455556 0.631634440160193
0.678463025146775 0.574522363577318
0.606880004360618 0.64976871330328
0.782790551223978 0.4217298484308
-0.706524717409365 -0.539957426927806
0.589798182778765 0.665569745948879
0.889140060959599 0.0197083072615484
0.889087120942856 -0.0244077603199833
-0.359233789479071 0.813717159152377
0.126620324318343 0.880491005013506
0.595291355366754 0.661088200276069
0.87965707087432 0.133134666050251
0.628235741740652 0.630042027653927
0.61714216398114 0.640999269612129
0.753226623048011 0.473819890401195
0.77614860686825 0.435384663532343
0.569972187337422 0.683526674059127
0.752874555794718 0.474728521063855
0.590602417648437 0.6659474617028
-0.885346152582046 0.0925695195269787
-0.331921303959279 0.826041512179861
0.603091626529218 -0.654909113458606
-0.569761971182871 0.684182430626665
0.749512561693528 0.480701351086178
-0.609652163254493 -0.649057315397247
0.462945743346935 -0.760749900727295
0.615394342741872 0.643783127293203
0.517673545875702 -0.724767878684248
-0.570531189916696 -0.684014424805565
-0.32900019655709 0.827796693511999
0.571504183027238 0.683357971661179
0.572609925640532 0.682509638668367
0.606112354098137 -0.653020264657796
0.655003186008659 0.604056562137469
0.888409819224797 -0.0688990886892522
0.121473933570524 0.882818496989174
0.602238355294321 0.656915854643188
0.600819696368424 -0.658293224536775
0.61325761342465 0.646802842410995
-0.297647831254828 0.840207633540957
-0.575669084813198 -0.680626349456159
0.386092772385384 0.803544187492826
-0.469553967290582 0.757874312752227
0.574026531796188 0.682239841017603
0.870153374010307 0.194663222559552
0.601285879455456 0.658497310806583
0.890094012109154 -0.054759186976701
0.619842665528934 0.641220118954395
